CACHE type 5 produced by analog 6.0/Unix. Do not modify or delete!
T	0	0	2385	117	27	1092	135363539
D	26748709	26868400
18575	141	5	0	359
18575	184	14	2	13316
18575	238	2	1	67678497
18584	134	54	1	719350
18584	135	5	0	32570
18584	136	4	2	33884
18584	137	55	3	748172
18584	138	6	3	50872
18584	139	5	0	968734
18584	140	66	6	1768261
18584	141	92	5	100095
18584	142	2	1	16970
18584	143	2	1	16967
18584	144	55	3	748658
18584	145	2	1	16968
18584	146	4	2	33940
18584	147	9	3	67465
18584	148	6	3	50949
18584	149	43	1	277650
18584	152	43	1	114899
18584	155	4	2	33963
18584	156	56	3	1785861
18584	157	14	4	115780
18584	158	52	1	2687125
18584	159	3	1	175308
18584	160	58	2	1495390
18584	161	130	4	2631897
18584	162	24	1	217410
18584	163	95	4	1256236
18584	164	36	2	827421
18584	165	36	0	106902
18584	166	56	1	388826
18584	167	2	0	6602
18584	188	55	2	2874392
18584	189	55	2	849707
18584	220	55	2	2727121
18587	50	1	1	17021
18587	96	2	1	20868
18613	240	54	1	2690911
18620	239	171	3	8171688
18621	236	136	4	7052262
18621	237	16	2	258552
18621	238	10	0	103400
18621	240	190	2	6657496
18621	241	164	0	1041914
18621	242	44	2	525228
18621	243	8	0	68170
18621	244	32	0	301650
18621	257	19	3	345129
18623	210	65	3	3072526
18633	128	110	4	5178330
18633	130	4	1	1321170
18633	131	59	1	2646652
18633	132	2	0	16652
18633	199	4	0	32756
18633	200	21	4	421816
18634	35	54	1	2728030
18635	188	2	2	35579
18641	149	1	1	118032
18644	224	2	2	236952
18645	156	1	1	17785
18645	177	1	1	118037
18647	178	1	1	118476
18647	259	1	1	118037
18652	178	1	1	118512
18652	193	1	1	118032
18658	147	1	1	17785
18658	176	2	2	35574
1	21	0	0	0	26833137	0	0	26761766	0	0	2272155	/uploads/category_images/1605599678Tantaaa_(1)_381_286.jpg
1	6	0	0	0	26815450	0	0	26761770	0	0	118548	/uploads/subcategory_images/1605600016Tantaaa_(14).jpg
1	15	0	0	1	26761743	0	26761648	26761633	0	26761648	2490	/user/service/get_category?id=&csrf_token_name=64d5aff00b964e10b5f014ab63f509d3
1	27	0	0	0	26833137	0	0	26761633	0	0	341780	/assets/plugins/bootstrap/js/bootstrap.min.js
1	4	0	0	0	26761790	0	0	26761658	0	0	74804	/assets/plugins/theia-sticky-sidebar/maps/theia-sticky-sidebar.js.map
1	1	0	1	0	26761769	26761769	0	26761769	26761769	0	2309	/edit-subcategory/10
1	1	0	0	0	26761778	0	0	26761778	0	0	16225	/my-services-inactive
1	25	0	0	0	26833137	0	0	26761633	0	0	23140	/assets/js/place.js
1	1	0	0	0	26761778	0	0	26761778	0	0	2083	/assets/css/bootstrap-select.min.css
1	8	0	0	0	26815449	0	0	26761763	0	0	503	/map_lists
1	5	0	0	0	26815447	0	0	26761763	0	0	183060	/assets/fonts/CircularStd-Book.woff
1	30	0	0	0	26833137	0	0	26761633	0	0	22244877	/assets/img/banner.jpg
1	29	0	0	0	26833137	0	0	26761633	0	0	173640	/assets/plugins/jquery-confirm/jquery-confirm.min.js
1	11	0	0	0	26761720	0	0	26761684	0	0	1826	/user/service/get_category?id=&csrf_token_name=a255bf97aa4e8e1d0397244921abe1ee
1	29	0	0	0	26833137	0	0	26761633	0	0	68040	/assets/plugins/toaster/toastr.min.css
1	25	0	0	0	26833137	0	0	26761633	0	0	21400	/assets/img/icon-1.png
1	4	0	0	0	26832521	0	0	26761785	0	0	67315	/service-preview/home-disinfection-and-sanitization?sid=8f14e45fceea167a5a36dedd4bea2543
1	2	0	0	0	26832520	0	0	26761745	0	0	32158	/search
1	4	0	0	0	26761684	0	0	26761633	0	0	68256	/assets/fonts/poppins-regular.woff2
1	1	0	0	0	26761771	0	0	26761771	0	0	2401	/admin/stripe_payment_gateway
1	2	0	0	0	26832173	0	0	26832164	0	0	348	/user/service/get_category?id=&csrf_token_name=fe5714b1ebc2fcd1b70970be5b30f112
1	5	0	0	0	26815447	0	0	26761763	0	0	14905	/assets/js/admin_functions.js
1	4	0	0	0	26761906	0	0	26761763	0	0	58380	/uploads/logo/1605599211_logo.png
1	12	0	0	0	26815460	0	0	26815444	0	0	2088	/user/service/get_category?id=&csrf_token_name=4284646a25f5901a1e69f152ffa7e6df
1	0	0	1	0	0	26761779	0	0	26761779	0	0	/create_availability
1	2	0	0	0	26761788	0	0	26761787	0	0	33386	/user-wallet
1	20	0	0	0	26761783	0	0	26761779	0	0	700	/user/service/check_service_title
1	0	0	0	1	0	0	26868400	0	0	26868400	0	/site/
1	2	0	0	0	26815444	0	0	26815444	0	0	348	/user/service/get_category?id=&csrf_token_name=13746433c254caa217805db253be2660
1	27	0	0	0	26833137	0	0	26761633	0	0	666379	/assets/plugins/datatables/datatables.min.js
1	8	0	0	0	26761787	0	0	26761785	0	0	275	/user/login/email_chk_user
1	1	0	0	0	26761787	0	0	26761787	0	0	81	/user/login/send_otp_request_user
1	1	0	0	1	26762061	0	26762061	26762061	0	26762061	174	/user/service/get_category?id=&csrf_token_name=d2d86fc94a34fd331e00b574e0615830
1	1	0	0	0	26761779	0	0	26761779	0	0	1188	/assets/js/provider_availability.js
1	2	0	0	87	26761649	0	26833137	26761633	0	26761664	7290	/assets/img/title-image2.png
1	4	0	0	0	26761764	0	0	26761764	0	0	69288	/uploads/category_images/1605599678Tantaaa_(1).jpg
1	0	0	0	49	0	0	26761764	0	0	26761633	0	/uploads/category_images/160433426916012_381_286.jpg
1	19	0	0	0	26833137	0	0	26761780	0	0	1833956	/uploads/services/se_full_1605600644Tantaaa_(14).jpg
1	29	0	0	0	26833137	0	0	26761633	0	0	17376	/assets/css/avatar.css
1	4	0	0	0	26832180	0	0	26832178	0	0	696	/user/service/get_category?id=&csrf_token_name=81fb88a2dfecfa8d553a09abac466892
1	29	0	0	0	26833137	0	0	26761633	0	0	48288	/assets/plugins/toaster/toastr.min.js
1	0	0	0	14	0	0	26832179	0	0	26803921	0	/uploads/logo/TANTAAA LOGO .png
1	4	0	0	0	26761765	0	0	26761765	0	0	96932	/uploads/category_images/1605599728Tantaaa_(7).jpg
1	25	0	0	0	26833137	0	0	26761633	0	0	326016	/assets/plugins/fontawesome/webfonts/fa-regular-400.woff2
1	5	0	0	0	26815447	0	0	26761763	0	0	188905	/assets/plugins/jvectormap/jquery-jvectormap-world-mill.js
1	1	0	0	0	26818173	0	0	26818173	0	0	16495	/search/home-repair
1	21	0	0	0	26833137	0	0	26761766	0	0	1851001	/uploads/category_images/1605599686Tantaaa_(2)_381_286.jpg
1	3	0	0	0	26761767	0	0	26761636	0	0	45966	/all-categories
1	6	0	0	0	26815450	0	0	26761769	0	0	203712	/uploads/subcategory_images/1605599993Tantaaa_(5).jpg
1	3	0	0	0	26761765	0	0	26761756	0	0	158305	/uploads/category_images/category_151adfe0_381_286.
1	5	0	0	0	26815447	0	0	26761763	0	0	20185	/assets/js/admin.js
1	2	0	0	75	26761649	0	26833137	26761633	0	26761664	6186	/assets/img/hiwbg.png
1	2	0	0	0	26748922	0	0	26748922	0	0	2228	/_autoindex/icons/folder.png
1	0	0	0	1	0	0	26868400	0	0	26868400	0	/wordpress/
1	0	0	0	1	0	0	26868400	0	0	26868400	0	/dev/
1	0	0	0	1	0	0	26868400	0	0	26868400	0	/wp/
1	20	0	0	0	26761777	0	0	26761764	0	0	680	/categories/check_category_name
1	4	0	0	0	26761763	0	0	26761658	0	0	2585728	/assets/plugins/bootstrap/css/bootstrap.min.css.map
1	1	0	0	0	26761787	0	0	26761787	0	0	197	/user/login/check_otp_user
1	0	0	0	1	0	0	26761744	0	0	26761744	0	/service-preview/sparkle-&-shine?sid=a87ff679a2f3e71d9181a67b7542122c
1	8	0	0	0	26761663	0	0	26761649	0	0	1328	/user/service/get_category?id=&csrf_token_name=358c479dd9ba55244d8f62d69e773e75
1	2	0	0	0	26832521	0	0	26832519	0	0	32951	/search/painting
1	1	0	0	0	26748709	0	0	26748709	0	0	64	/.well-known/pki-validation/36060DE1E748B25A692C5EB50CFB7E9B.txt
1	0	0	1	0	0	26761792	0	0	26761792	0	0	/admin/logout
1	22	0	0	0	26833137	0	0	26761633	0	0	31076	/assets/img/icon-2.png
1	27	0	0	0	26833137	0	0	26761633	0	0	173690	/assets/plugins/jquery-ui/jquery-ui.min.css
1	0	0	0	1	0	0	26868400	0	0	26868400	0	/tmp/
1	0	0	0	12	0	0	26815450	0	0	26815449	0	/uploads/logo/1606308964_TANTAAA LOGO .png
1	27	0	0	0	26833137	0	0	26761633	0	0	547492	/assets/plugins/bootstrap/css/bootstrap.min.css
1	2	0	0	0	26761776	0	0	26761776	0	0	5111	/service-details/4
1	29	0	0	0	26833137	0	0	26761633	0	0	28368	/assets/css/cropper.min.css
1	11	0	0	0	26761787	0	0	26761785	0	0	376	/user/login/mobileno_chk_user
1	4	0	0	0	26761764	0	0	26761764	0	0	46952	/uploads/category_images/1605599686Tantaaa_(2).jpg
1	9	0	0	0	26813998	0	0	26813997	0	0	1566	/user/service/get_category?id=&csrf_token_name=693a04492ac146ebab6df6020094fe6a
1	1	0	0	0	26761778	0	0	26761778	0	0	2168	/provider-details/4
1	5	0	0	0	26815449	0	0	26761763	0	0	206540	/assets/fonts/CircularStd-Bold.woff
1	8	8	0	0	26868258	0	0	26833137	0	0	644866	/?47.8.236.37
1	2	0	2	0	26761783	26761784	0	26761779	26761780	0	32320	/add-service
1	27	0	0	0	26833137	0	0	26761633	0	0	249876	/assets/plugins/owlcarousel/owl.carousel.min.js
1	5	0	0	2	26761775	0	26761908	26761768	0	26761908	15998	/admin/settings
1	1	0	0	0	26761791	0	0	26761791	0	0	3239	/admin/wallet-history
1	6	0	0	0	26815450	0	0	26761769	0	0	118200	/uploads/subcategory_images/1605599948Tantaaa_(3).jpg
1	13	0	0	0	26833137	0	0	26761766	0	0	1242988	/uploads/category_images/1605599694Tantaaa_(3)_381_286.jpg
1	27	0	0	0	26833137	0	0	26761633	0	0	428053	/assets/js/moment.min.js
1	0	0	0	4	0	0	26809753	0	0	26805693	0	/wp-login.php?185.220.100.254
1	1	0	0	0	26761745	0	0	26761745	0	0	16547	/service-preview/MONTHLY-ESSENTIAL-PACKAGE?sid=e4da3b7fbbce2345d7772b0674a318d5
1	0	0	0	8	0	0	26761769	0	0	26761768	0	/uploads/subcategory_images/1604903740depositphotos_24857221-stock-photo-manicure-nail.jpg
1	4	0	0	0	26761790	0	0	26761658	0	0	102532	/assets/plugins/toaster/toastr.js.map
1	0	0	0	3	0	0	26849582	0	0	26761633	0	/robots.txt
1	0	0	0	8	0	0	26761765	0	0	26761764	0	/uploads/category_images/thu_1604903245House-Painters-Near-You_50_50.jpg
1	1	0	0	0	26833137	0	0	26833137	0	0	174	/user/service/get_category?id=&csrf_token_name=f15b2511e68f94b167e91e140a22cb07
1	27	0	0	0	26833137	0	0	26761633	0	0	98428	/assets/css/animate.min.css
1	52	0	0	1	26815449	0	26761908	26761763	0	26761908	134140	/dashboard
1	11	0	0	0	26832521	0	0	26832519	0	0	1914	/user/service/get_category?id=&csrf_token_name=e1a3a6ab97dcd806f521edcb131e9c91
1	29	0	0	0	26833137	0	0	26761633	0	0	57984	/assets/js/cropper_profile_provider.js
1	2	2	0	0	26832162	0	0	26818171	0	0	35595	/?122.176.8.222
1	29	0	0	0	26833137	0	0	26761633	0	0	88536	/assets/plugins/theia-sticky-sidebar/theia-sticky-sidebar.js
1	27	0	0	0	26833137	0	0	26761633	0	0	23496	/assets/plugins/owlcarousel/owl.carousel.min.css
1	27	0	0	0	26833137	0	0	26761633	0	0	24464	/assets/img/user.jpg
1	7	0	0	0	26815449	0	0	26761763	0	0	21428	/service-list
1	1	0	0	0	26749190	0	0	26749190	0	0	67677659	/tantaa.zip
1	2	0	0	0	26832179	0	0	26761770	0	0	33823	/service-preview/monthly-essential-package?sid=e4da3b7fbbce2345d7772b0674a318d5
1	5	0	0	0	26815447	0	0	26761763	0	0	204200	/assets/fonts/CircularStd-Medium.woff
1	6	0	0	0	26815450	0	0	26761770	0	0	163386	/uploads/subcategory_images/1605600007Tantaaa_(16).jpg
1	2	0	0	0	26761771	0	0	26761763	0	0	4982	/payment_list
1	29	0	0	0	26833137	0	0	26761633	0	0	81216	/assets/plugins/jquery-confirm/jquery-confirm.min.css
1	0	0	0	1	0	0	26868400	0	0	26868400	0	/old-site/
1	4	0	0	0	26761765	0	0	26761765	0	0	135808	/uploads/category_images/1605599705Tantaaa_(5).jpg
1	0	0	0	10	0	0	26761769	0	0	26761768	0	/uploads/subcategory_images/download (1)_50_50.jpg
1	1	0	0	0	26761777	0	0	26761777	0	0	2673	/service-providers
1	2	0	0	0	26748922	0	0	26748922	0	0	2394	/_autoindex/icons/html.png
1	29	0	0	0	26833137	0	0	26761633	0	0	82776	/assets/js/login.js
1	6	0	0	0	26833137	0	0	26761767	0	0	1136046	/uploads/category_images/1605599705Tantaaa_(5)_381_286.jpg
1	0	0	0	5	0	0	26761765	0	0	26761764	0	/uploads/category_images/thu_1604902575download_50_50.jpg
1	29	0	0	0	26833137	0	0	26761633	0	0	54192	/assets/js/script.js
1	4	0	0	0	26761764	0	0	26761764	0	0	78800	/uploads/category_images/1605599694Tantaaa_(3).jpg
1	0	0	0	1	0	0	26868400	0	0	26868400	0	/cms/
1	4	0	0	0	26761766	0	0	26761766	0	0	79032	/uploads/category_images/1605599768Tantaaa_(14).jpg
1	29	0	0	0	26833137	0	0	26761633	0	0	290760	/assets/js/cropper.min.js
1	0	0	0	4	0	0	26761764	0	0	26761764	0	/uploads/category_images/thu_16049024925e4bf034acae7f373e129948_50_50.jpg
1	6	0	0	0	26815450	0	0	26761769	0	0	103932	/uploads/subcategory_images/1605599956Tantaaa_(1).jpg
1	1	0	0	0	26748709	0	0	26748709	0	0	77	/.well-known/pki-validation/965D4572328AE1503C6546DCCD417824.txt
1	2	0	0	0	26761787	0	0	26761778	0	0	2678	/assets/img/wallet.png
1	27	0	0	0	26833137	0	0	26761633	0	0	208802	/assets/js/bootstrap-datetimepicker.min.js
1	1	0	0	0	26761778	0	0	26761778	0	0	480	/provider_list
1	27	0	0	0	26833137	0	0	26761633	0	0	711229	/assets/js/jquery-3.5.0.min.js
1	0	0	0	1	0	0	26868400	0	0	26868400	0	/blog/
1	22	0	0	0	26833137	0	0	26761633	0	0	17697	/assets/img/icon-3.png
1	10	0	0	0	26761770	0	0	26761768	0	0	340	/categories/check_subcategory_name
1	0	0	0	4	0	0	26761768	0	0	26761768	0	/uploads/subcategory_images/160490346952436.jpg
1	0	0	0	1	0	0	26868400	0	0	26868400	0	/v2/
1	2	2	0	1	26761633	0	26750733	26749190	0	26750733	17617	/?205.169.39.56
1	1	0	0	0	26761778	0	0	26761778	0	0	37	/user/login/check_mobile_existing
1	2	0	0	90	26761649	0	26833137	26761633	0	26761664	7580	/assets/img/title-image.png
1	8	0	0	0	26761784	0	0	26761784	0	0	182080	/uploads/services/full_16056008890bc788ef8da746e2a95fdf4ffbbc84c2-shutterstock_1682326498.jpg
1	0	0	0	1	0	0	26761764	0	0	26761764	0	/uploads/category_images/thu_160433426916012_50_50.jpg
1	0	0	0	1	0	0	26868400	0	0	26868400	0	/v1/
1	4	0	0	0	26761684	0	0	26761633	0	0	67904	/assets/fonts/poppins-bold.woff2
1	1	0	0	0	26761698	0	0	26761698	0	0	15652	/search/home-security
1	29	0	0	0	26833137	0	0	26761633	0	0	412709	/assets/css/style.css
1	29	0	0	0	26833137	0	0	26761633	0	0	72744	/assets/plugins/theia-sticky-sidebar/ResizeSensor.js
1	3	0	0	0	26815449	0	0	26761765	0	0	16650	/uploads/category_images/thu_1605599736Tantaaa_(9)_50_50.jpg
1	6	0	0	0	26815450	0	0	26761769	0	0	151308	/uploads/subcategory_images/1605599983Tantaaa_(10).jpg
1	4	0	0	0	26761763	0	0	26761658	0	0	765944	/assets/plugins/bootstrap/js/bootstrap.min.js.map
1	1	0	0	0	26832519	0	0	26832519	0	0	15931	/about-us
1	5	0	0	0	26815447	0	0	26761763	0	0	70235	/assets/plugins/jvectormap/jquery-jvectormap-2.0.3.min.js
1	0	0	0	1	0	0	26868400	0	0	26868400	0	/web/
1	0	0	0	43	0	0	26761765	0	0	26761633	0	/uploads/category_images/1604902820istockphoto-512756266-612x612_381_286.jpg
1	3	0	0	0	26815449	0	0	26761765	0	0	14301	/uploads/category_images/thu_1605599749Tantaaa_(11)_50_50.jpg
1	27	0	0	0	26833137	0	0	26761633	0	0	10538	/assets/plugins/owlcarousel/owl.theme.default.min.css
1	0	0	0	9	0	0	26761769	0	0	26761768	0	/uploads/subcategory_images/kitchen-cleaning-services-dubai-2_50_50.jpg
1	27	0	0	0	26833137	0	0	26761633	0	0	629326	/assets/js/bootstrapValidator.min.js
1	4	0	0	0	26761763	0	0	26761658	0	0	345928	/assets/js/moment.min.js.map
1	1	0	0	0	26761771	0	0	26761771	0	0	340	/assets/js/stripe_payment_gateway.js
1	0	0	0	18	0	0	26761794	0	0	26761658	0	/assets/js/popper.min.js.map
1	27	0	0	0	26833137	0	0	26761633	0	0	261030	/assets/js/sweetalert.min.js
1	0	0	0	12	0	0	26761770	0	0	26761768	0	/uploads/subcategory_images/index_50_50.jpg
1	0	0	0	43	0	0	26761765	0	0	26761633	0	/uploads/category_images/1604903245House-Painters-Near-You_381_286.jpg
1	2	0	0	0	26761790	0	0	26761763	0	0	5087	/review-reports
1	3	0	0	0	26832520	0	0	26761779	0	0	245	/user/service/get_subcategory
1	1	0	0	0	26832164	0	0	26832164	0	0	174	/user/service/get_category?id=&csrf_token_name=26274fc59e239fcd7f758705af42b2f6
1	6	0	0	0	26815450	0	0	26761769	0	0	145398	/uploads/subcategory_images/1605599965Tantaaa_(7).jpg
1	36	0	0	0	26761790	0	0	26761744	0	0	6176	/user/service/get_category?id=&csrf_token_name=83b589ebc5f4635949440e1d8a943477
1	29	0	0	0	26833137	0	0	26761633	0	0	202176	/assets/js/functions.js
1	2	0	0	0	26748922	0	0	26748922	0	0	2212	/_autoindex/icons/compress.png
1	6	0	0	0	26815450	0	0	26761768	0	0	104412	/uploads/subcategory_images/1605599938Tantaaa_(13).jpg
1	16	0	0	0	26832520	0	0	26761766	0	0	1940928	/uploads/category_images/1605599749Tantaaa_(11)_381_286.jpg
1	5	0	0	0	26815447	0	0	26761763	0	0	9445	/assets/plugins/slimscroll/jquery.slimscroll.min.js
1	0	0	0	1	0	0	26868400	0	0	26868400	0	/2020/
1	0	0	0	1	0	0	26868400	0	0	26868400	0	/2019/
1	2	0	0	0	26761778	0	0	26761766	0	0	776	/assets/js/success_toaster.js
1	0	0	0	33	0	0	26761764	0	0	26761633	0	/uploads/category_images/16049024925e4bf034acae7f373e129948_381_286.jpg
1	1	0	0	0	26761745	0	0	26761745	0	0	15108	/contact
1	3	0	0	0	26815449	0	0	26761764	0	0	14727	/uploads/category_images/thu_1605599694Tantaaa_(3)_50_50.jpg
1	0	0	0	1	0	0	26868400	0	0	26868400	0	/2018/
1	0	0	0	1	0	0	26868400	0	0	26868400	0	/old-wp/
1	8	0	0	0	26761780	0	0	26761780	0	0	158064	/uploads/services/full_1605600644Tantaaa_(14).jpg
1	0	0	0	1	0	0	26868400	0	0	26868400	0	/wp2/
1	3	0	0	0	26815449	0	0	26761766	0	0	14934	/uploads/category_images/thu_1605599768Tantaaa_(14)_50_50.jpg
1	0	0	0	1	0	0	26832266	0	0	26832266	0	/adminer.php
1	1	0	0	0	26748709	0	0	26748709	0	0	64	/.well-known/pki-validation/2C1200EC22B47E8F9AD3E336B39E51EF.txt
1	0	0	0	1	0	0	26809753	0	0	26809753	0	/wp-login.php?122.176.8.222
1	6	0	0	0	26833137	0	0	26761767	0	0	843468	/uploads/category_images/1605599718Tantaaa_(6)_381_286.jpg
1	0	0	0	1	0	0	26868400	0	0	26868400	0	/bk/
1	0	0	0	109	0	0	26833137	0	0	26761633	0	/uploads/services/se_full_1604988718sparkel-shine.jpg
1	11	0	0	0	26815526	0	0	26815432	0	0	188247	/service-preview/hospitality-service?sid=1679091c5a880faf6fb5e6087eb1b2dc
1	2	0	2	0	26761777	26761777	0	26761765	26761766	0	4349	/edit-category/9
1	3	0	0	0	26761791	0	0	26761790	0	0	6420	/subscriptions
1	1	0	0	0	26761778	0	0	26761778	0	0	755	/assets/css/tagsinput.css
1	1	0	1	0	26761765	26761765	0	26761765	26761765	0	2192	/edit-category/8
1	0	0	0	1	0	0	26868400	0	0	26868400	0	/wp1/
1	1	0	1	0	26761765	26761765	0	26761765	26761765	0	2214	/edit-category/7
1	1	0	1	0	26761765	26761765	0	26761765	26761765	0	2204	/edit-category/6
1	1	0	1	0	26761765	26761765	0	26761765	26761765	0	2178	/edit-category/5
1	1	0	1	0	26761764	26761765	0	26761764	26761765	0	2209	/edit-category/4
1	1	0	1	0	26761764	26761764	0	26761764	26761764	0	2202	/edit-category/3
1	0	0	0	23	0	0	26761764	0	0	26761636	0	/uploads/category_images/1604902319product-500x500_381_286.jpeg
1	25	0	0	0	26833137	0	0	26761633	0	0	1883400	/assets/plugins/fontawesome/webfonts/fa-brands-400.woff2
1	1	0	1	0	26761764	26761764	0	26761764	26761764	0	2184	/edit-category/2
1	3	0	1	0	26815450	26761764	0	26761764	26761764	0	6887	/edit-category/1
1	1	1	0	0	26868400	0	0	26868400	0	0	17794	/home/
1	1	0	0	0	26761778	0	0	26761778	0	0	15123	/assets/js/bootstrap-select.min.js
1	3	0	0	0	26815449	0	0	26761765	0	0	15699	/uploads/category_images/thu_1605599728Tantaaa_(7)_50_50.jpg
1	5	0	0	0	26818173	0	0	26818172	0	0	870	/user/service/get_category?id=&csrf_token_name=c5e3501b3a88ed5cd7e467bce24b0a00
1	5	0	0	0	26815449	0	0	26761763	0	0	206620	/assets/fonts/CircularStd-Black.woff
1	0	0	0	25	0	0	26761764	0	0	26761636	0	/uploads/category_images/160433441015873_381_286.jpg
1	2	0	0	0	26761791	0	0	26761763	0	0	6470	/admin/wallet
1	27	0	0	0	26833137	0	0	26761633	0	0	29106	/assets/css/bootstrap-datetimepicker.min.css
1	1	0	0	105	26761633	0	26815450	26761633	0	26761763	2499	/assets/img/logo-icon.png
1	1	0	0	0	26803921	0	0	26803921	0	0	174	/user/service/get_category?id=&csrf_token_name=7723f18fca13786330dbc70ac1ccbe2a
1	5	0	0	0	26815447	0	0	26761763	0	0	9890	/assets/css/select2.min.css
1	0	0	0	5	0	0	26761644	0	0	26761633	0	/uploads/logo/1604917384_favicon.png.png
1	27	0	0	0	26833137	0	0	26761633	0	0	164032	/assets/js/popper.min.js
1	5	0	0	0	26815447	0	0	26761763	0	0	95040	/assets/js/select2.min.js
1	27	0	0	0	26833137	0	0	26761633	0	0	265056	/assets/plugins/fontawesome/css/fontawesome.min.css
1	4	0	0	0	26761765	0	0	26761765	0	0	86256	/uploads/category_images/1605599749Tantaaa_(11).jpg
1	0	0	0	7	0	0	26761769	0	0	26761768	0	/uploads/subcategory_images/20139_50_50.jpg
1	0	0	0	1	0	0	26868400	0	0	26868400	0	/backup/
1	1	0	0	0	26761760	0	0	26761760	0	0	15656	/search/sdfs
1	2	0	0	0	26748922	0	0	26748922	0	0	2140	/_autoindex/icons/unknown.png
1	3	0	0	0	26815449	0	0	26761764	0	0	12981	/uploads/category_images/thu_1605599686Tantaaa_(2)_50_50.jpg
1	4	0	0	0	26761906	0	0	26761769	0	0	91040	/uploads/subcategory_images/1605599972Tantaaa_(6).jpg
1	2	0	0	0	26761790	0	0	26761771	0	0	6832	/admin/total-report
1	2	0	0	0	26761778	0	0	26761778	0	0	33193	/provider-subscription
1	0	0	0	1	0	0	26868400	0	0	26868400	0	/new-site/
1	4	0	0	0	26761765	0	0	26761765	0	0	91040	/uploads/category_images/1605599718Tantaaa_(6).jpg
1	1	0	0	0	26761787	0	0	26761787	0	0	918	/assets/js/user_wallet.js
1	1	0	0	0	26832520	0	0	26832520	0	0	17096	/service-preview/Hospitality-Service?sid=1679091c5a880faf6fb5e6087eb1b2dc
1	0	0	0	1	0	0	26868400	0	0	26868400	0	/old/
1	25	0	0	0	26833137	0	0	26761633	0	0	1893200	/assets/plugins/fontawesome/webfonts/fa-solid-900.woff2
1	7	0	0	0	26761670	0	0	26761664	0	0	1162	/user/service/get_category?id=&csrf_token_name=73e300900b70adc62cd86e8e4126987b
1	3	0	0	0	26761784	0	0	26761778	0	0	49879	/my-services
1	1	0	0	0	26761791	0	0	26761791	0	0	2314	/edit-subscription/2
1	2	0	0	0	26815527	0	0	26761768	0	0	32142	/search/computers-repair-and-services
1	1	0	0	0	26761791	0	0	26761791	0	0	2289	/edit-subscription/1
1	16	0	0	0	26832520	0	0	26761767	0	0	2196340	/uploads/category_images/1605599728Tantaaa_(7)_381_286.jpg
1	1	0	0	0	26761778	0	0	26761778	0	0	182	/user/login/check_otp
1	97	0	0	0	26815449	0	0	26761792	0	0	2037	/admin/login/is_valid_login
1	0	0	0	107	0	0	26833137	0	0	26761633	0	/uploads/services/se_full_160498885719813.jpg
1	2	0	0	0	26748922	0	0	26748922	0	0	342	/_autoindex/icons/blank.png
1	0	0	0	6	0	0	26761765	0	0	26761764	0	/uploads/category_images/thu_1604902820istockphoto-512756266-612x612_50_50.jpg
1	2	0	0	0	26761785	0	0	26761770	0	0	32702	/all-services
1	0	0	0	2	0	0	26761764	0	0	26761764	0	/uploads/category_images/thu_160433441015873_50_50.jpg
1	20	0	0	0	26833137	0	0	26761766	0	0	2372182	/uploads/category_images/1605599768Tantaaa_(14)_381_286.jpg
1	8	0	2	1	26815447	26761790	26761908	26761791	26761763	26761908	9503	/admin
1	1	0	0	0	26761778	0	0	26761778	0	0	5902	/assets/js/tagsinput.js
1	12	0	0	0	26832179	0	0	26761637	0	0	9060	/assets/js/service_search.js
1	0	0	0	1	0	0	26761744	0	0	26761744	0	/favicon.ico
1	3	0	0	0	26815449	0	0	26761764	0	0	13473	/uploads/category_images/thu_1605599678Tantaaa_(1)_50_50.jpg
1	5	0	0	0	26815447	0	0	26761763	0	0	17600	/assets/plugins/jvectormap/jquery-jvectormap-2.0.3.css
1	29	0	0	0	26833137	0	0	26761633	0	0	73392	/assets/js/script_crop.js
1	0	0	0	1	0	0	26868400	0	0	26868400	0	/install/
1	13	0	0	0	26832179	0	0	26761637	0	0	218696	/search/salon-at-home
1	0	0	0	3	0	0	26761764	0	0	26761764	0	/uploads/category_images/thu_1604902319product-500x500_50_50.jpeg
1	11	0	0	0	26765760	0	0	26761633	0	0	56762	/assets/img/favicon.png
1	1	0	0	0	26761778	0	0	26761778	0	0	81	/user/login/send_otp_request
1	5	0	0	0	26815447	0	0	26761763	0	0	52132	/assets/css/admin.css
1	4	0	0	0	26761906	0	0	26761768	0	0	108924	/uploads/subcategory_images/1605599928Tantaaa_(16).jpg
1	0	0	0	40	0	0	26761765	0	0	26761633	0	/uploads/category_images/1604902575download_381_286.jpg
1	0	0	0	5	0	0	26761769	0	0	26761768	0	/uploads/subcategory_images/160490361387562.jpg
1	0	0	0	2	0	0	26761904	0	0	26761901	0	/user/service/get_category?id=&csrf_token_name=effdc51cf7cc0b00062e3d13c6ffd6f2
1	14	0	0	0	26815527	0	0	26815425	0	0	236274	/search/hospitality
1	0	0	0	1	0	0	26868400	0	0	26868400	0	/bak/
1	27	0	0	0	26833137	0	0	26761633	0	0	25960	/assets/plugins/datatables/datatables.min.css
1	1	0	0	0	26761791	0	0	26761791	0	0	34	/service/check_subscription_name
1	1	0	0	0	26761778	0	0	26761778	0	0	16369	/provider-dashboard
1	0	0	0	1	0	0	26868400	0	0	26868400	0	/test/
1	0	0	0	7	0	0	26761765	0	0	26761764	0	/uploads/category_images/thu_1604902955How-Home-Security-Has-Advanced-in-the-21st-Century_50_50.jpg
1	2	0	0	0	26761779	0	0	26761779	0	0	35474	/provider-availability
1	1	0	1	0	26761769	26761769	0	26761769	26761769	0	2320	/edit-subcategory/9
1	1	0	1	0	26761769	26761769	0	26761769	26761769	0	2321	/edit-subcategory/8
1	2	0	0	0	26748709	0	0	26748709	0	0	154	/.well-known/pki-validation/E7F0C14890FFC9342AA9F6CB0E73957B.txt
1	1	0	1	0	26761769	26761770	0	26761769	26761770	0	2314	/edit-subcategory/7
1	1	0	1	0	26761770	26761770	0	26761770	26761770	0	2304	/edit-subcategory/6
1	15	0	0	1	26815450	0	26761908	26761768	0	26761908	45101	/subcategories
1	1	0	1	0	26761769	26761769	0	26761769	26761769	0	2347	/edit-subcategory/5
1	1	0	1	0	26761769	26761769	0	26761769	26761769	0	2324	/edit-subcategory/4
1	0	0	0	1	0	0	26868400	0	0	26868400	0	/temp/
1	1	0	1	0	26761769	26761769	0	26761769	26761769	0	2318	/edit-subcategory/3
1	21	0	0	0	26761784	0	0	26761750	0	0	3646	/user/service/get_category?id=&csrf_token_name=b2b4f965aec1b343fec2dd4aafc8a4df
1	3	0	1	0	26815450	26761768	0	26761768	26761768	0	7326	/edit-subcategory/2
1	4	0	0	0	26761684	0	0	26761633	0	0	68400	/assets/fonts/poppins-medium.woff2
1	3	0	0	0	26815449	0	0	26761765	0	0	15549	/uploads/category_images/thu_1605599718Tantaaa_(6)_50_50.jpg
1	2	0	1	0	26761768	26761768	0	26761768	26761768	0	4648	/edit-subcategory/1
1	1	1	0	0	26761778	0	0	26761778	0	0	25	/user/subscription/stripe_payments/
1	100	100	1	0	26868400	26761749	0	26748922	26761749	0	1982509	/
1	23	0	0	0	26815528	0	0	26815424	0	0	4002	/user/service/get_category?id=&csrf_token_name=1f1c1e007aad06f99a8ea4633be34b33
1	3	0	0	0	26815449	0	0	26761765	0	0	18330	/uploads/category_images/thu_1605599705Tantaaa_(5)_50_50.jpg
1	2	0	0	0	26832521	0	0	26815528	0	0	33864	/search/home-cleaning
1	0	0	0	11	0	0	26761769	0	0	26761768	0	/uploads/subcategory_images/61945_50_50.jpg
1	2	0	0	0	26761765	0	0	26761764	0	0	5422	/uploads/category_images/thu_category_151adfe0_50_50.
1	17	0	0	0	26833137	0	0	26761784	0	0	1752020	/uploads/services/se_full_16056008890bc788ef8da746e2a95fdf4ffbbc84c2-shutterstock_1682326498.jpg
1	0	0	0	6	0	0	26761769	0	0	26761768	0	/uploads/subcategory_images/images_50_50.jpg
1	29	0	0	0	26833137	0	0	26761633	0	0	1696300	/assets/plugins/jquery-ui/jquery-ui.min.js
1	27	0	0	0	26833137	0	0	26761633	0	0	271370	/assets/plugins/fontawesome/css/all.min.css
1	0	0	0	1	0	0	26868400	0	0	26868400	0	/new/
1	5	0	0	0	26815447	0	0	26761763	0	0	13300	/assets/js/bootstrap-notify.min.js
1	3	0	0	0	26832180	0	0	26761767	0	0	48623	/search/mobile-repair-and-services
1	4	0	0	0	26761765	0	0	26761765	0	0	100872	/uploads/category_images/1605599736Tantaaa_(9).jpg
1	0	0	0	1	0	0	26868400	0	0	26868400	0	/demo/
1	1	0	0	0	26761776	0	0	26761776	0	0	2640	/admin/service/service_list
1	16	0	0	0	26832178	0	0	26761766	0	0	2394976	/uploads/category_images/1605599736Tantaaa_(9)_381_286.jpg
1	29	0	0	0	26833137	0	0	26761633	0	0	23376	/assets/js/multi-step-modal.js
1	0	0	0	1	0	0	26868400	0	0	26868400	0	/main/
1	2	0	0	0	26748922	0	0	26748922	0	0	2324	/_autoindex/icons/text.png
1	1	0	0	0	26761778	0	0	26761778	0	0	3713	/assets/js/service.js
1	1	0	0	0	26761778	0	0	26761778	0	0	1238	/assets/js/provider_subscription.js
1	19	0	0	0	26815450	0	0	26761764	0	0	53739	/categories
1	0	0	0	12	0	0	26815450	0	0	26815449	0	/uploads/profile_img/temp/1606308911.png
1	0	0	0	41	0	0	26761765	0	0	26761633	0	/uploads/category_images/1604902955How-Home-Security-Has-Advanced-in-the-21st-Century_381_286.jpg
1	3	3	0	0	26803921	0	0	26762060	0	0	51069	/?185.220.100.254
1	0	0	0	4	0	0	26761768	0	0	26761768	0	/uploads/subcategory_images/16049035607692.jpg
3	8	0	0	0	26761778	0	0	26761778	0	0	44151	http://s.tantaaa.com/provider-dashboard
3	2	0	0	1	26761778	0	26761777	26761778	0	26761777	2648	http://s.tantaaa.com/service-providers
3	5	0	1	0	26761779	26761779	0	26761779	26761779	0	35445	http://s.tantaaa.com/provider-availability
3	2	0	1	2	26761769	26761769	26761769	26761769	26761769	26761769	2984	http://s.tantaaa.com/edit-subcategory/9
3	2	0	1	2	26761769	26761769	26761769	26761769	26761769	26761769	2986	http://s.tantaaa.com/edit-subcategory/8
3	2	0	1	2	26761770	26761770	26761769	26761770	26761770	26761769	2980	http://s.tantaaa.com/edit-subcategory/7
3	53	3	0	85	26815450	0	26815450	26761768	0	26761768	925659	http://s.tantaaa.com/subcategories
3	2	0	1	2	26761770	26761770	26761770	26761770	26761770	26761770	2976	http://s.tantaaa.com/edit-subcategory/6
3	2	0	1	2	26761769	26761769	26761769	26761769	26761769	26761769	2997	http://s.tantaaa.com/edit-subcategory/5
3	2	0	1	2	26761769	26761769	26761769	26761769	26761769	26761769	3039	http://s.tantaaa.com/edit-subcategory/4
3	2	0	1	2	26761769	26761769	26761769	26761769	26761769	26761769	3029	http://s.tantaaa.com/edit-subcategory/3
3	2	0	1	8	26761768	26761768	26815450	26761768	26761768	26761768	3033	http://s.tantaaa.com/edit-subcategory/2
3	3	0	1	4	26761768	26761768	26761768	26761768	26761768	26761768	6238	http://s.tantaaa.com/edit-subcategory/1
3	2	0	0	2	26761791	0	26761791	26761764	0	26761763	6080	http://s.tantaaa.com/admin/wallet
3	975	1	0	439	26833137	0	26833137	26748922	0	26761633	17998930	http://s.tantaaa.com/
3	11	6	0	6	26818173	0	26818173	26815424	0	26815424	108810	http://www.s.tantaaa.com/search/salon-at-home
3	2	0	0	0	26832521	0	0	26832521	0	0	17466	http://s.tantaaa.com/search/home-cleaning
3	8	2	0	9	26761768	0	26761636	26761636	0	26761636	255125	http://s.tantaaa.com/all-categories
3	13	0	0	0	26815527	0	0	26815425	0	0	119953	http://www.s.tantaaa.com/search/hospitality
3	1	0	0	0	26815527	0	0	26815527	0	0	174	http://www.s.tantaaa.com/search/mobile-repair-and-services
3	51	0	0	0	26833137	0	0	26761633	0	0	2799016	http://s.tantaaa.com/assets/plugins/fontawesome/css/all.min.css
3	334	0	0	26	26832173	0	26832173	26803921	0	26803921	9771746	http://www.s.tantaaa.com/
3	3	0	0	0	26832519	0	0	26761767	0	0	16825	http://s.tantaaa.com/search/mobile-repair-and-services
3	1	0	0	0	26761760	0	0	26761760	0	0	174	http://s.tantaaa.com/search/sdfs
3	1	0	0	1	26761776	0	26761776	26761776	0	26761776	2450	http://s.tantaaa.com/admin/service/service_list
3	3	0	0	0	26818173	0	0	26818173	0	0	17967	http://www.s.tantaaa.com/search/home-repair
3	2	0	0	2	26761790	0	26761790	26761771	0	26761771	5065	http://s.tantaaa.com/admin/total-report
3	7	1	0	0	26761778	0	0	26761778	0	0	35187	http://s.tantaaa.com/provider-subscription
3	2	0	0	0	26761698	0	0	26761698	0	0	921	http://s.tantaaa.com/search/home-security
3	37	0	0	235	26833137	0	26833137	26761633	0	26761664	13723651	http://s.tantaaa.com/assets/css/style.css
3	45	0	0	57	26815450	0	26815449	26761764	0	26761764	180669	http://s.tantaaa.com/categories
3	2	0	0	0	26832521	0	0	26832520	0	0	16648	http://s.tantaaa.com/service-preview/Hospitality-Service?sid=1679091c5a880faf6fb5e6087eb1b2dc
3	3	1	0	0	26832520	0	0	26832519	0	0	18007	http://s.tantaaa.com/about-us
3	0	0	0	1	0	0	26761744	0	0	26761744	0	http://s.tantaaa.com/service-preview/sparkle-&-shine?sid=a87ff679a2f3e71d9181a67b7542122c
3	4	1	0	0	26832521	0	0	26832519	0	0	34059	http://s.tantaaa.com/search/painting
3	10	0	0	0	26761784	0	0	26761778	0	0	233013	http://s.tantaaa.com/my-services
3	2	0	0	4	26761776	0	26761776	26761776	0	26761776	5802	http://s.tantaaa.com/service-details/4
3	1	0	0	0	26815528	0	0	26815528	0	0	174	http://www.s.tantaaa.com/search/home-cleaning
3	79	0	0	2	26815526	0	26815444	26815432	0	26815444	911560	http://www.s.tantaaa.com/service-preview/hospitality-service?sid=1679091c5a880faf6fb5e6087eb1b2dc
3	2	0	0	1	26761788	0	26761778	26761783	0	26761778	5605	http://s.tantaaa.com/provider-details/4
3	2	0	0	1	26761791	0	26761791	26761791	0	26761791	2174	http://s.tantaaa.com/edit-subscription/2
3	1	0	0	1	26761791	0	26761791	26761791	0	26761791	2140	http://s.tantaaa.com/edit-subscription/1
3	1	0	0	0	26761768	0	0	26761768	0	0	174	http://s.tantaaa.com/search/computers-repair-and-services
3	28	0	2	0	26761784	26761784	0	26761779	26761780	0	35241	http://s.tantaaa.com/add-service
3	2	0	1	2	26761769	26761769	26761769	26761769	26761769	26761769	3032	http://s.tantaaa.com/edit-subcategory/10
3	3	0	0	5	26761775	0	26761775	26761768	0	26761768	7746	http://s.tantaaa.com/admin/settings
3	0	0	0	1	0	0	26761791	0	0	26761791	0	http://s.tantaaa.com/admin/wallet-history
3	3	0	0	0	26761779	0	0	26761778	0	0	18073	http://s.tantaaa.com/my-services-inactive
3	2	0	0	2	26761790	0	26761790	26761763	0	26761763	5347	http://s.tantaaa.com/review-reports
3	2	1	0	2	26761747	0	26761745	26761745	0	26761745	16987	http://s.tantaaa.com/service-preview/MONTHLY-ESSENTIAL-PACKAGE?sid=e4da3b7fbbce2345d7772b0674a318d5
3	4	0	0	4	26761785	0	26761785	26761770	0	26761770	33394	http://s.tantaaa.com/all-services
3	187	0	0	10	26815449	0	26815447	26761791	0	26761791	526354	http://s.tantaaa.com/admin
3	11	0	0	17	26832173	0	26832164	26803921	0	26803921	8746842	http://www.s.tantaaa.com/assets/css/style.css
3	30	1	0	0	26832521	0	0	26761785	0	0	70953	http://s.tantaaa.com/service-preview/home-disinfection-and-sanitization?sid=8f14e45fceea167a5a36dedd4bea2543
3	29	0	1	13	26815449	26761792	26815449	26761763	26761792	26761763	164913	http://s.tantaaa.com/dashboard
3	4	2	0	0	26832520	0	0	26761745	0	0	34954	http://s.tantaaa.com/search
3	2	0	0	1	26761771	0	26761771	26761771	0	26761771	3542	http://s.tantaaa.com/admin/stripe_payment_gateway
3	18	1	0	21	26832179	0	26832179	26761637	0	26761637	40293	http://s.tantaaa.com/search/salon-at-home
3	4	0	0	0	26761788	0	0	26761787	0	0	17959	http://s.tantaaa.com/user-wallet
3	2	1	0	0	26761745	0	0	26761745	0	0	16990	http://s.tantaaa.com/contact
3	20	0	0	0	26815449	0	0	26761763	0	0	800420	http://s.tantaaa.com/assets/css/admin.css
3	1	0	0	0	26815527	0	0	26815527	0	0	174	http://www.s.tantaaa.com/search/computers-repair-and-services
3	2	0	0	0	26815460	0	0	26815460	0	0	348	http://s.tantaaa.com/service-preview/hospitality-service?sid=1679091c5a880faf6fb5e6087eb1b2dc
3	3	0	0	4	26832180	0	26832179	26761770	0	26761770	16826	http://s.tantaaa.com/service-preview/monthly-essential-package?sid=e4da3b7fbbce2345d7772b0674a318d5
3	9	0	0	25	26815450	0	26815449	26761763	0	26761763	25292	http://s.tantaaa.com/service-list
3	15	0	2	2	26761777	26761777	26761777	26761765	26761766	26761765	5917	http://s.tantaaa.com/edit-category/9
3	3	0	0	3	26761791	0	26761791	26761791	0	26761790	7866	http://s.tantaaa.com/subscriptions
3	2	0	1	2	26761765	26761765	26761765	26761765	26761765	26761765	2813	http://s.tantaaa.com/edit-category/8
3	2	0	1	2	26761765	26761765	26761765	26761765	26761765	26761765	2838	http://s.tantaaa.com/edit-category/7
3	52	0	0	0	26815460	0	0	26815450	0	0	400206	http://s.tantaaa.com/search/hospitality
3	24	0	0	0	26832164	0	0	26803921	0	0	1303600	http://www.s.tantaaa.com/assets/plugins/fontawesome/css/all.min.css
3	2	0	1	2	26761765	26761765	26761765	26761765	26761765	26761765	2862	http://s.tantaaa.com/edit-category/6
3	2	0	1	2	26761765	26761765	26761765	26761765	26761765	26761765	2884	http://s.tantaaa.com/edit-category/5
3	2	0	1	2	26761765	26761765	26761764	26761765	26761765	26761764	2887	http://s.tantaaa.com/edit-category/4
3	2	0	1	2	26761764	26761764	26761764	26761764	26761764	26761764	2903	http://s.tantaaa.com/edit-category/3
3	2	0	1	2	26761764	26761764	26761764	26761764	26761764	26761764	2921	http://s.tantaaa.com/edit-category/2
3	2	0	1	8	26761764	26761764	26815450	26761764	26761764	26761764	2926	http://s.tantaaa.com/edit-category/1
3	2	0	0	2	26761771	0	26761771	26761763	0	26761763	6090	http://s.tantaaa.com/payment_list
4	2	2	0	2	26849582	0	26849582	26765534	0	26765534	34806	Mozilla/5.0 (Windows NT 10.0; Win64; x64) AppleWebKit/537.36 (KHTML, like Gecko; compatible; BW/1.1; bit.ly/2W6Px8S) Chrome/84.0.4147.105 Safari/537.36
4	2	2	0	28	26868400	0	26868400	26868400	0	26868400	35574	Mozilla/5.0 (Linux; Android 5.1.1; SM-J111F) AppleWebKit/537.36 (KHTML, like Gecko) Chrome/73.0.3683.90 Mobile Safari/537.36
4	2	1	0	0	26749190	0	0	26749190	0	0	67678497	Mozilla/5.0 (Macintosh; Intel Mac OS X 10_15_2) AppleWebKit/537.36 (KHTML, like Gecko) Chrome/80.0.3987.149 Safari/537.36
4	124	6	0	20	26832173	0	26832173	26818171	0	26818172	6885117	Mozilla/5.0 (Linux; Android 9; Redmi 6A) AppleWebKit/537.36 (KHTML, like Gecko) Chrome/87.0.4280.101 Mobile Safari/537.36
4	179	9	0	18	26815528	0	26815425	26815423	0	26815424	7725107	Mozilla/5.0 (Linux; Android 10; HD1901) AppleWebKit/537.36 (KHTML, like Gecko) Chrome/85.0.4183.101 Mobile Safari/537.36
4	2	1	0	0	26765760	0	0	26765760	0	0	20868	Mozilla/5.0 (X11; Linux x86_64) AppleWebKit/537.36 (KHTML, like Gecko) Chrome/49.0.2623.75 Safari/537.36 Google Favicon
4	5	0	0	0	26748709	0	0	26748709	0	0	359	COMODO DCV
4	1	1	0	0	26832164	0	0	26832164	0	0	17796	WhatsApp/2.20.206.24 A
4	2	2	0	0	26835340	0	0	26835340	0	0	35579	Mozilla/5.0 (compatible; TestBot/0.1; +In_the_test_phase,_if_the_spider_brings_you_trouble,_please_add_our_IP_to_the_blacklist._Thank_you.)
4	68	3	0	5	26833137	0	26833137	26748922	0	26833137	2741346	Mozilla/5.0 (Windows NT 10.0; Win64; x64) AppleWebKit/537.36 (KHTML, like Gecko) Chrome/76.0.3809.71 Safari/537.36
4	0	0	0	1	0	0	26832266	0	0	26832266	0	Mozilla/4.0 (compatible; MSIE 6.0; Windows NT 5.1; SV1)
4	578	10	0	92	26832521	0	26832521	26803921	0	26803921	14403245	Mozilla/5.0 (Windows NT 10.0; Win64; x64) AppleWebKit/537.36 (KHTML, like Gecko) Chrome/87.0.4280.88 Safari/537.36
4	1	1	0	0	26868258	0	0	26868258	0	0	17785	Mozilla/5.0 (Windows NT 6.1; rv:57.0) Gecko/20100101 Firefox/57.0
4	8	8	0	0	26859846	0	0	26843787	0	0	946078	Mozilla/5.0 (compatible; Nimbostratus-Bot/v1.3.2; http://cloudsystemnetworks.com)
4	0	0	0	1	0	0	26750733	0	0	26750733	0	Mozilla/5.0 (X11; Ubuntu; Linux x86_64; rv:58.0) Gecko/20100101 Firefox/58.0
4	171	3	0	27	26813998	0	26813998	26813997	0	26813997	8171688	Mozilla/5.0 (Linux; Android 10; SM-M317F) AppleWebKit/537.36 (KHTML, like Gecko) Chrome/87.0.4280.101 Mobile Safari/537.36
4	1	0	0	0	26761778	0	0	26761778	0	0	14595	Go-http-client/1.1
4	297	17	0	282	26761720	0	26761720	26761664	0	26761664	2063639	Mozilla/5.0 (Windows NT 10.0; rv:78.0) Gecko/20100101 Firefox/78.0
4	0	0	0	5	0	0	26809753	0	0	26805693	0	Mozilla/5.0 (X11; Ubuntu; Linux x86_64; rv:62.0) Gecko/20100101 Firefox/62.0
4	814	50	27	606	26762061	26761792	26762061	26761633	26761749	26761633	20273373	Mozilla/5.0 (Windows NT 6.1; Win64; x64) AppleWebKit/537.36 (KHTML, like Gecko) Chrome/86.0.4240.193 Safari/537.36
4	54	1	0	5	26832164	0	26832164	26832164	0	26832164	2669113	Mozilla/5.0 (Linux; Android 9; Mi A1) AppleWebKit/537.36 (KHTML, like Gecko) Chrome/87.0.4280.101 Mobile Safari/537.36
4	2	0	0	0	26815432	0	0	26815432	0	0	34236	WhatsApp/2.20.195.15 A
5	1	1	0	0	26843787	0	0	26843787	0	0	118032	209.17.97.82
5	1	0	0	0	26761778	0	0	26761778	0	0	14595	54.187.216.72
5	1	1	0	0	26852573	0	0	26852573	0	0	118476	209.17.96.170
5	2	2	0	0	26848482	0	0	26848482	0	0	236952	209.17.96.250
5	65	3	0	15	26818173	0	26818173	26818171	0	26818172	3072526	1.38.45.197
5	60	4	0	5	26832173	0	26832173	26832162	0	26832164	3830387	1.38.42.29
5	38	1	0	3	26832164	0	26832164	26832164	0	26832164	1069662	106.215.203.170
5	7	1	0	0	26748922	0	0	26748922	0	0	6658	65.155.30.101
5	1	1	0	0	26849686	0	0	26849686	0	0	118037	209.17.96.98
5	1	1	0	1	26849582	0	26849582	26849582	0	26849582	17785	3.239.158.38
5	171	3	0	27	26813998	0	26813998	26813997	0	26813997	8171688	47.31.142.190
5	0	0	0	1	0	0	26805693	0	0	26805693	0	14.200.1.238
5	0	0	0	1	0	0	26750733	0	0	26750733	0	62.4.14.198
5	54	1	0	5	26833137	0	26833137	26833137	0	26833137	2728030	65.154.226.165
5	1	1	0	0	26852979	0	0	26852979	0	0	118037	209.17.96.18
5	1	1	0	0	26859846	0	0	26859846	0	0	118032	209.17.96.90
5	25	4	0	20	26832521	0	26832521	26832519	0	26832520	454572	171.76.184.70
5	3	3	0	28	26868400	0	26868400	26868258	0	26868400	53359	129.213.109.135
5	2	2	0	0	26835340	0	0	26835340	0	0	35579	134.175.228.189
5	2	1	0	0	26749190	0	0	26749190	0	0	67678497	54.221.27.173
5	16	0	0	2	26832164	0	26832164	26832164	0	26832164	1599451	106.215.139.194
5	0	0	0	1	0	0	26832266	0	0	26832266	0	45.145.67.109
5	54	1	0	6	26803921	0	26803921	26803921	0	26803921	2690911	42.111.2.222
5	1	1	0	0	26859774	0	0	26859774	0	0	118512	209.17.96.58
5	5	0	0	0	26748709	0	0	26748709	0	0	359	142.54.161.34
5	187	8	0	183	26761720	0	26761720	26761664	0	26761664	941282	185.220.100.254
5	0	0	0	4	0	0	26809753	0	0	26809753	0	203.151.4.130
5	72	0	0	0	26761784	0	0	26761764	0	0	1594738	51.210.156.16
5	1	1	0	1	26765534	0	26765534	26765534	0	26765534	17021	18.188.255.85
5	438	4	0	56	26815460	0	26815450	26815444	0	26815444	8594458	45.250.212.184
5	110	9	0	99	26761706	0	26761706	26761684	0	26761684	1122357	185.220.102.245
5	19	3	0	0	26815528	0	0	26815526	0	0	345129	42.111.14.198
5	162	6	0	18	26815432	0	26815425	26815423	0	26815424	7414214	1.38.52.13
5	7	1	0	0	26748922	0	0	26748922	0	0	6658	205.169.39.56
5	1	1	0	0	26765760	0	0	26765760	0	0	15438	64.233.172.217
5	1	0	0	0	26765760	0	0	26765760	0	0	5430	64.233.172.215
5	814	50	27	606	26762061	26761792	26762061	26761633	26761749	26761633	20273373	122.176.8.222
5	61	1	0	10	26832180	0	26832179	26832177	0	26832177	2663304	47.8.236.37
z	0	196	0	26832164	0
z	1	10	0	26815425	10
z	2	186	1	26832520	5632
z	3	266	3	26833137	96151
z	4	782	0	26833137	2598136
z	5	769	105	26868400	21166268
z	6	157	8	26859846	22982972
z	7	18	0	26833137	20836711
z	8	1	0	26749190	67677659
c	200	2169	26868400
c	206	20	26815425
c	301	1	26761749
c	303	23	26761784
c	304	196	26832164
c	307	3	26761792
c	400	11	26761769
c	403	1	26750733
c	404	1080	26868400
