CACHE type 5 produced by analog 6.0/Unix. Do not modify or delete!
T	0	0	5459	253	42	1746	163717949
D	26748919	26869782
18575	183	7	1	6659
18575	184	7	1	6659
18576	129	2	0	24
18576	194	75	2	1944282
18576	195	3	0	3531
18576	198	115	3	2022573
18576	200	31	0	1365287
18576	201	11	1	356448
18576	202	4	1	25587
18584	157	49	1	1712825
18584	158	50	0	1207241
18584	159	20	0	1026789
18584	160	6	0	48645
18584	189	81	2	3429243
18584	190	91	8	3520474
18584	191	7	2	45528
18584	192	7	2	999633
18584	193	1	1	15463
18584	202	1	1	15392
18584	204	1	1	15420
18585	95	1	1	15390
18585	96	4	1	30288
18585	134	63	3	3172822
18585	135	4	1	29479
18585	136	45	0	857
18585	139	55	2	2687047
18585	140	2	1	15549
18585	141	5	1	30499
18585	144	6	1	45326
18585	149	4	1	30323
18585	152	4	1	30314
18585	165	4	1	30290
18585	255	24	3	127265
18586	38	1	1	17021
18586	39	33	5	1094180
18586	40	23	2	362426
18586	100	2	1	15646
18586	280	3	1	47331
18587	26	3	1	301098
18587	82	1	1	15439
18587	96	2	1	15599
18587	152	54	1	2103992
18587	201	1	0	13746
18587	207	1	0	13405
18587	213	1	0	14988
18587	219	1	0	13564
18587	224	1	0	13598
18587	231	1	0	13554
18587	237	1	0	13472
18587	243	1	0	14112
18587	249	1	0	14098
18587	263	1	0	14558
18587	270	1	0	14056
18587	278	1	0	14087
18587	286	1	0	14062
18588	4	1	0	14110
18588	11	1	0	14616
18588	18	1	0	14111
18588	26	1	0	14099
18588	43	1	0	14489
18588	53	1	0	14099
18588	63	1	0	14102
18588	74	1	0	14705
18588	134	124	3	5878050
18588	135	5	0	464799
18588	138	2	0	14800
18588	145	1	0	13581
18588	148	2	0	13922
18588	188	17	1	219529
18588	236	1	0	13600
18588	237	14	0	83339
18589	122	4	2	31191
18589	241	1	1	17007
18590	135	1	1	15435
18590	154	54	1	2671664
18590	238	3	0	19670
18590	239	22	0	239420
18590	245	119	1	2708977
18591	136	130	1	2601034
18591	137	150	2	4276529
18591	141	31	0	387209
18591	142	219	0	23636
18591	143	109	2	3081003
18591	144	29	3	119594
18591	147	99	1	1431167
18591	148	6	1	38951
18591	149	15	0	946034
18591	150	2	1	15637
18591	151	32	9	198335
18591	152	14	0	33469
18591	161	8	1	50278
18591	162	2	1	15623
18591	165	2	1	15605
18591	169	67	4	407800
18591	170	26	6	150110
18591	178	30	0	394578
18591	199	2	1	15606
18591	207	5	2	32283
18591	214	54	1	2649190
18591	227	2	2	30942
18591	232	125	2	3229372
18591	233	6	0	45310
18592	220	23	1	12419
18592	221	24	3	70163
18592	223	102	1	135861
18592	224	35	3	172724
18592	248	168	2	2220175
18592	249	22	0	958561
18592	250	7	0	15426
18592	251	19	0	38815
18592	262	6	0	13807
18592	263	56	1	2924886
18592	264	4	0	135164
18593	2	31	1	2115898
18593	123	4	1	326008
18593	215	65	4	3249439
18593	232	2	1	15654
18593	236	2	1	15608
18593	243	2	1	16533
18594	161	1	1	15380
18595	128	8	3	70148
18595	218	30	0	381922
18596	261	114	3	5569402
18596	268	1	1	17782
18596	270	1	0	16124
18597	53	1	0	15944
18597	84	1	0	16480
18597	95	1	0	16476
18597	107	1	0	16871
18597	119	1	0	16478
18597	131	1	0	16478
18597	159	1	0	17016
18597	175	1	0	15958
18597	191	1	0	15945
18597	223	1	0	17286
18597	240	1	0	16476
18597	257	1	0	16482
18597	274	1	0	16869
18598	28	1	0	16477
18598	49	1	0	15935
18598	57	1	0	16123
18598	70	30	0	298569
18598	71	1	0	16479
18598	124	1	0	16479
18598	188	1	0	15934
18598	201	54	1	2732946
18598	259	1	0	16478
18599	60	1	0	15929
18599	221	1	0	103060
18600	173	54	1	2674019
18600	192	54	1	2693291
18600	202	54	1	2693288
18602	27	1	1	17783
18603	99	1	1	0
18603	173	10	1	1227755
18603	187	1	0	16123
18604	142	54	1	2674020
18604	251	1	0	140578
18605	96	57	1	2691796
18605	117	4	1	40457
18605	153	1	0	15947
18605	167	1	1	17784
18605	173	5	0	20082
18605	220	1	0	16481
18605	235	1	0	15958
18605	257	1	0	16870
18605	276	1	0	15946
18606	18	6	1	57433
18606	22	1	0	16478
18606	39	1	0	16480
18606	54	1	0	16477
18606	68	1	0	16479
18606	105	1	0	16477
18606	111	2	0	18032
18606	123	1	0	15933
18606	140	1	0	16871
18606	161	68	2	2766240
18606	181	1	0	16480
18606	207	1	0	16477
18606	266	1	0	15934
18607	34	1	0	16478
18607	59	1	0	17283
18607	112	1	0	15927
18607	149	54	1	2674017
18607	152	108	2	5384420
18607	153	6	2	346207
18607	156	2	1	17955
18607	183	1	0	16479
18607	221	1	1	0
18607	266	5	0	968734
18607	279	1	0	17019
18608	268	1	1	17785
18610	118	1	0	16124
18611	19	1	1	118179
18612	167	70	1	1094402
18612	232	34	2	2424534
18613	185	1	0	13560
18613	251	2	1	17955
18613	265	1	0	1194
18613	266	105	1	1319029
18613	267	5	1	30767
18613	268	44	3	2196733
18614	104	1	0	15958
18614	176	1	0	1077
18614	203	30	0	394583
18614	222	1	0	16475
18615	0	1	0	16868
18615	55	1	0	16479
18615	114	1	0	15930
18615	172	1	0	16872
18615	225	1	0	16482
18615	280	1	0	16478
18616	49	1	1	0
18616	74	1	0	15945
18616	97	1	0	16478
18616	127	1	0	16479
18616	154	1	0	16479
18616	185	1	0	16479
18616	214	5	2	328919
18616	218	1	1	118579
18616	244	1	0	15933
18616	286	1	0	16478
18617	39	1	0	16124
18617	86	1	0	16479
18617	142	1	0	17277
18617	180	1	0	17017
18617	216	1	0	15934
18618	86	2	1	33713
18620	42	37	1	364414
18620	153	30	1	335201
18620	158	2	0	225353
18620	239	107	2	3342954
18620	281	1	0	16126
18621	184	1	0	15945
18621	244	11	1	1367829
18621	254	8	2	359039
18622	101	1	0	15957
18623	23	1	1	0
18623	42	1	0	16480
18623	52	1	0	1070
18623	174	68	4	3211043
18623	178	1	0	16480
18624	2	1	0	16871
18624	83	1	0	16123
18624	157	1	0	15946
18624	256	1	1	17786
18624	269	1	0	15929
18624	279	1	0	16873
18625	5	1	0	16481
18625	23	1	0	16480
18625	39	1	0	16479
18625	58	1	0	16479
18625	81	1	0	16478
18625	102	1	0	15934
18625	128	1	0	16480
18625	180	1	0	17016
18625	239	1	0	15934
18625	268	1	0	16482
18626	26	1	0	16477
18626	243	1	0	17282
18630	85	1	1	0
18630	272	1	0	15944
18631	154	1	1	0
18632	202	1	1	4743
18633	177	1	0	16926
18634	23	1	0	16481
18634	104	1	0	16125
18634	124	1	0	16481
18634	167	1	1	118143
18634	219	1	0	16479
18635	4	1	0	15945
18635	30	1	0	17018
18635	49	1	0	16481
18635	66	1	0	16479
18635	81	1	0	16480
18635	92	1	0	15935
18635	103	1	0	16478
18635	113	1	0	15931
18635	123	1	0	16124
18635	133	1	0	15957
18635	155	1	0	16873
18635	173	1	0	16479
18635	202	1	1	17782
18635	230	1	0	15935
18635	261	1	1	0
18636	24	1	0	17281
18636	104	1	0	16476
18636	129	28	1	230294
18636	198	1	1	118586
18636	207	1	0	16478
18637	10	1	0	16870
18637	281	16	2	219927
18637	282	15	1	248304
18638	247	1	1	118143
18638	262	3	0	17200
18639	208	1	0	104045
18639	221	1	0	15945
18640	40	1	0	16123
18640	46	20	0	190895
18640	231	19	1	463789
18641	66	1	1	118143
18641	207	1	0	16924
18642	82	1	0	127363
18642	84	1	0	16123
18642	131	1	1	118143
18642	231	1	1	118587
18642	246	1	0	16478
18643	25	1	1	118632
18643	144	1	0	17019
18643	204	1	0	16476
18643	222	54	1	2674024
18643	238	1	0	15955
18643	266	1	0	16478
18644	9	1	0	16875
18644	38	1	0	15932
18644	55	1	0	16481
18644	72	1	0	15934
18644	89	1	0	15946
18644	104	1	0	16478
18644	108	5	1	468836
18644	121	1	0	16480
18644	139	1	1	17782
18644	159	1	0	16478
18644	194	1	0	15926
18644	197	1	1	118586
18644	216	4	1	35109
18644	228	1	0	16478
18644	278	1	0	16477
18645	57	1	1	17788
18645	70	28	0	300773
18645	78	1	0	15946
18645	85	20	0	197044
18645	107	1	0	16479
18645	139	1	0	16870
18645	166	1	1	118142
18645	237	1	0	17281
18646	25	1	1	17786
18646	173	1	1	17783
18646	223	4	0	34239
18647	205	1	1	118592
18648	218	1	1	118143
18648	230	36	0	356869
18649	25	1	0	16123
18649	206	4	1	26355
18650	61	1	1	17784
18650	92	1	1	0
18650	179	1	1	17779
18650	187	70	0	2079852
18650	188	30	3	1368200
18650	190	56	1	2691296
18650	191	54	1	2674019
18650	200	54	1	2693288
18650	203	1	1	118187
18650	223	1	1	17780
18650	234	54	1	2710405
18650	235	64	2	3178100
18650	237	4	1	35227
18650	252	1	1	17779
18650	264	1	0	96524
18650	284	1	1	0
18651	21	1	0	16123
18651	23	1	0	16475
18651	246	1	1	17780
18651	264	1	0	16475
18651	267	1	1	118587
18651	268	54	1	2710406
18651	275	2	1	17957
18652	32	1	0	15957
18652	33	1	1	17780
18652	64	1	0	149686
18652	196	1	0	15935
18652	273	1	1	17783
18652	274	1	0	15928
18652	286	1	0	189341
18653	4	1	0	16477
18653	12	1	0	120958
18653	22	1	0	16478
18653	33	1	0	143500
18653	47	1	0	16477
18653	79	1	1	17781
18653	95	1	0	16483
18653	118	1	0	16479
18653	124	4	0	20096
18653	198	1	0	15934
18653	219	54	1	2674020
18653	228	54	1	2674017
18653	236	1	0	16479
18653	247	1	0	16122
18653	279	2	0	16293
18654	20	10	0	61749
18654	52	1	0	16480
18654	92	1	0	16873
18655	53	1	1	17782
18655	101	11	1	153685
18655	208	1	0	17286
18655	215	2	1	17958
18655	245	3	0	21778
18656	50	1	1	17784
18656	97	1	0	16122
18656	102	1	0	16122
18656	196	1	0	15928
18657	72	1	1	0
18657	222	1	1	17782
18658	27	4	0	38068
18658	87	3	0	16672
18658	102	2	1	17957
18658	118	4	1	34260
18658	162	1	1	0
18659	47	12	1	85377
18659	79	1	1	17781
1	45	0	0	0	26861460	0	0	26761908	0	0	5731335	/uploads/category_images/1605599678Tantaaa_(1)_381_286.jpg
1	0	0	0	1	0	0	26831094	0	0	26831094	0	/rss/order/new
1	0	0	0	1	0	0	26831094	0	0	26831094	0	/shop/errors/503.php
1	7	0	0	0	26804054	0	0	26761910	0	0	138306	/uploads/subcategory_images/1605600016Tantaaa_(14).jpg
1	16	0	0	0	26867658	0	0	26764036	0	0	251021	/faq
1	65	0	0	0	26863709	0	0	26750414	0	0	974431	/assets/plugins/bootstrap/js/bootstrap.min.js
1	14	0	0	1	26860913	0	26761914	26764036	0	26761914	224389	/search/appliances-repair-and-services
1	0	0	0	1	0	0	26831094	0	0	26831094	0	/shop/rss/order/new
1	2	0	0	0	26795410	0	0	26761924	0	0	37402	/assets/plugins/theia-sticky-sidebar/maps/theia-sticky-sidebar.js.map
1	0	0	0	1	0	0	26831094	0	0	26831094	0	/store/rss/order/new
1	1	0	0	0	26802443	0	0	26802443	0	0	161	/user/service/get_category?id=&csrf_token_name=22c0698271637626bc2ab9b76349a69b
1	53	0	0	0	26869197	0	0	26750414	0	0	55757	/assets/js/place.js
1	3	0	0	0	26773600	0	0	26763676	0	0	5580	/assets/css/bootstrap-select.min.css
1	40	0	0	0	26804054	0	0	26750432	0	0	1907	/map_lists
1	18	0	0	0	26805178	0	0	26750414	0	0	659016	/assets/fonts/CircularStd-Book.woff
1	52	0	0	0	26861460	0	0	26750414	0	0	53774720	/assets/img/banner.jpg
1	94	0	0	0	26773599	0	0	26763080	0	0	1657	/user/login/email_chk
1	1	0	0	0	26834056	0	0	26834056	0	0	16479	/search/mobile-repair-and-services?47.31.201.157
1	1	1	0	0	26831093	0	0	26831093	0	0	4743	/index.php/admin/?54.36.148.169
1	55	0	0	0	26863709	0	0	26750414	0	0	381779	/assets/plugins/jquery-confirm/jquery-confirm.min.js
1	0	0	0	1	0	0	26831094	0	0	26831094	0	/demo/rss/catalog/notifystock
1	52	0	0	0	26861460	0	0	26750413	0	0	138291	/assets/plugins/toaster/toastr.min.css
1	4	0	0	0	26857178	0	0	26813996	0	0	70127	/service-preview/home-disinfection-and-sanitization?sid=8f14e45fceea167a5a36dedd4bea2543
1	49	0	0	0	26861460	0	0	26750414	0	0	52430	/assets/img/icon-1.png
1	4	0	0	0	26773727	0	0	26773727	0	0	686	/admin/settings/payment_type
1	0	0	0	11	0	0	26831324	0	0	26787019	0	/robots.txt?47.31.201.157
1	3	0	0	0	26856941	0	0	26761915	0	0	47047	/search
1	2	0	0	0	26750432	0	0	26750414	0	0	34128	/assets/fonts/poppins-regular.woff2
1	12	0	0	0	26804052	0	0	26761760	0	0	29458	/admin/stripe_payment_gateway
1	19	0	0	0	26805178	0	0	26750414	0	0	63913	/assets/js/admin_functions.js
1	6	0	0	0	26771776	0	0	26761756	0	0	87570	/uploads/logo/1605599211_logo.png
1	1	1	0	0	26777441	0	0	26777441	0	0	17779	/?47.31.235.160
1	0	0	1	0	0	26773600	0	0	26773600	0	0	/create_availability
1	4	0	0	0	26813998	0	0	26772205	0	0	67842	/user-wallet
1	1	0	0	0	26772204	0	0	26772204	0	0	17066	/user-settings
1	13	0	0	0	26860430	0	0	26764035	0	0	210344	/search/Home-Security
1	0	0	0	1	0	0	26831094	0	0	26831094	0	/store/errors/503.php
1	2	0	0	0	26768772	0	0	26768771	0	0	322	/user/service/get_category?id=&csrf_token_name=593b41cf2dbb2a9e9b1da84d7f57a8b0
1	2	0	0	0	26771726	0	0	26771725	0	0	322	/user/service/get_category?id=&csrf_token_name=8631a5ec5daac77971c6b22de27a0720
1	2	0	0	0	26772205	0	0	26772204	0	0	28892	/user-dashboard
1	1	0	0	0	26792302	0	0	26792302	0	0	16481	/search/home-security?47.31.201.157
1	63	0	0	0	26861460	0	0	26750414	0	0	1814533	/assets/plugins/datatables/datatables.min.js
1	50	0	0	0	26813997	0	0	26772204	0	0	1054	/user/login/email_chk_user
1	0	0	0	1	0	0	26831094	0	0	26831094	0	/demo/rss/order/new
1	2	0	0	0	26813997	0	0	26772204	0	0	145	/user/login/send_otp_request_user
1	1	0	0	0	26773600	0	0	26773600	0	0	1080	/assets/js/provider_availability.js
1	0	0	0	1	0	0	26831094	0	0	26831094	0	/magento/rss/catalog/review
1	2	0	0	113	26750432	0	26861460	26750414	0	26761749	7290	/assets/img/title-image2.png
1	1	0	0	0	26777890	0	0	26777890	0	0	1195	/admin?47.31.235.160
1	2	0	0	1	26750432	0	26761749	26750414	0	26761749	323394	/uploads/category_images/160433426916012_381_286.jpg
1	0	0	0	1	0	0	26771755	0	0	26771755	0	/user/service/get_category?id=&csrf_token_name=8f54212a62bec1f6b6faef08308d0026
1	1	0	0	0	26750414	0	0	26750414	0	0	13003	/webmail
1	52	0	0	0	26861460	0	0	26761908	0	0	4586318	/uploads/services/se_full_1605600644Tantaaa_(14).jpg
1	55	0	0	0	26869197	0	0	26750413	0	0	33610	/assets/css/avatar.css
1	56	0	0	0	26861863	0	0	26750414	0	0	103802	/assets/plugins/toaster/toastr.min.js
1	12	0	0	0	26861503	0	0	26764035	0	0	193815	/search/Mobile-Repair-and-Services
1	0	0	0	57	0	0	26861460	0	0	26773587	0	/uploads/logo/TANTAAA LOGO .png
1	1	0	0	0	26861312	0	0	26861312	0	0	15934	/contact?54.36.148.169
1	0	0	0	1	0	0	26831093	0	0	26831093	0	/dev/index.php/admin/
1	47	0	0	0	26861460	0	0	26750414	0	0	638448	/assets/plugins/fontawesome/webfonts/fa-regular-400.woff2
1	15	0	0	0	26804054	0	0	26750442	0	0	34053	/ratingstype
1	19	0	0	0	26805178	0	0	26750414	0	0	791856	/assets/plugins/jvectormap/jquery-jvectormap-world-mill.js
1	0	0	0	1	0	0	26831094	0	0	26831094	0	/magento/downloader/index.php
1	15	0	0	1	26857558	0	26869782	26764036	0	26869782	238523	/search/home-repair
1	45	0	0	0	26861460	0	0	26761908	0	0	4643516	/uploads/category_images/1605599686Tantaaa_(2)_381_286.jpg
1	1	0	0	0	26766346	0	0	26766346	0	0	14988	/all-services?54.36.148.0
1	1	0	0	0	26859862	0	0	26859862	0	0	15935	/about-us?54.36.148.170
1	1	0	0	0	26835553	0	0	26835553	0	0	15935	/about-us?54.36.148.169
1	0	0	0	1	0	0	26831094	0	0	26831094	0	/demo/rss/catalog/review
1	2	0	0	0	26856939	0	0	26856939	0	0	1124	/home/all_services
1	39	0	0	4	26868111	0	26864706	26763074	0	26784866	603664	/all-categories
1	2	0	0	0	26775138	0	0	26772075	0	0	2145	/admin/login
1	7	0	0	0	26804054	0	0	26761910	0	0	237664	/uploads/subcategory_images/1605599993Tantaaa_(5).jpg
1	0	0	0	1	0	0	26831094	0	0	26831094	0	/store/downloader/index.php
1	2	0	0	94	26750432	0	26861460	26750414	0	26761749	6186	/assets/img/hiwbg.png
1	19	0	0	0	26805178	0	0	26750414	0	0	88900	/assets/js/admin.js
1	1	0	0	0	26782419	0	0	26782419	0	0	16478	/search/computers-repair-and-services?47.31.235.160
1	2	0	0	0	26748921	0	0	26748919	0	0	2228	/_autoindex/icons/folder.png
1	1	0	0	0	26837333	0	0	26837333	0	0	16870	/search/Hospitality?54.36.148.170
1	12	0	0	1	26847805	0	26860016	26764036	0	26860016	187334	/privacy
1	11	0	0	0	26773601	0	0	26773588	0	0	1771	/user/service/get_category?id=&csrf_token_name=6155cb0d1d5543abcfe128aa72d74d82
1	4	0	0	0	26761755	0	0	26761755	0	0	54	/categories/check_category_name
1	8	0	0	0	26795410	0	0	26750441	0	0	4131809	/assets/plugins/bootstrap/css/bootstrap.min.css.map
1	1	0	0	0	26868034	0	0	26868034	0	0	174	/user/service/get_category?id=&csrf_token_name=779ec957292b67528472d7e9c3a405bf
1	0	0	0	1	0	0	26831094	0	0	26831094	0	/staging/downloader/index.php
1	1	0	0	0	26771725	0	0	26771725	0	0	1052	/admin?fbclid=IwAR0r6hi1dX2xDMm60RzIbcvbqyl3JvYC95cDywR9meeklMImwBJqUku9H8M
1	0	0	0	1	0	0	26750444	0	0	26750444	0	/uploads/services/se_full_16049066317692.jpg
1	2	0	0	0	26813997	0	0	26772204	0	0	377	/user/login/check_otp_user
1	7	0	0	0	26804052	0	0	26750445	0	0	2968	/assets/js/admin_emailsettings.js
1	0	0	0	1	0	0	26750508	0	0	26750508	0	/dashboard?122.176.8.222
1	1	0	0	0	26808110	0	0	26808110	0	0	174	/user/service/get_category?id=&csrf_token_name=1cef8674716e5bc03c60d88843bdde54
1	0	0	0	2	0	0	26856939	0	0	26771889	0	/service-preview/sparkle-&-shine?sid=a87ff679a2f3e71d9181a67b7542122c
1	1	1	0	0	26765240	0	0	26765240	0	0	17015	/?47.31.173.238
1	18	0	0	0	26860796	0	0	26761914	0	0	285546	/search/painting
1	1	0	0	0	26864427	0	0	26864427	0	0	174	/user/service/get_category?id=&csrf_token_name=a41d60edd4cc916af6d4303528394306
1	7	0	0	0	26793447	0	0	26793445	0	0	1218	/user/service/get_category?id=&csrf_token_name=9798a9c9a28f455d1a1230b4ffc49974
1	5	0	0	1	26763075	0	26763071	26763073	0	26763071	805	/user/service/get_category?id=&csrf_token_name=308da6ccca55f9cabd04cd5f69cd3fae
1	8	0	0	0	26813998	0	0	26813996	0	0	1392	/user/service/get_category?id=&csrf_token_name=5b7c755af05fd268323d4ba0c1ae4bf4
1	11	0	0	0	26804052	0	0	26750432	0	0	27345	/users
1	0	0	1	0	0	26771776	0	0	26771776	0	0	/admin/logout
1	48	0	0	0	26861460	0	0	26750414	0	0	87744	/assets/img/icon-2.png
1	53	0	0	0	26869197	0	0	26750413	0	0	389835	/assets/plugins/jquery-ui/jquery-ui.min.css
1	1	0	0	0	26767904	0	0	26767904	0	0	13600	/faq?54.36.148.0
1	0	0	0	1	0	0	26831094	0	0	26831094	0	/staging/rss/catalog/review
1	1	0	0	0	26771800	0	0	26771800	0	0	2563	/service-details/4
1	62	0	0	0	26861460	0	0	26750413	0	0	1326519	/assets/plugins/bootstrap/css/bootstrap.min.css
1	0	0	0	153	0	0	26804055	0	0	26773586	0	/uploads/logo/1606308964_TANTAAA LOGO .png
1	22	0	0	0	26813997	0	0	26772204	0	0	567	/user/login/mobileno_chk_user
1	55	0	0	0	26861460	0	0	26750413	0	0	57450	/assets/css/cropper.min.css
1	1	0	0	0	26861716	0	0	26861716	0	0	174	/user/service/get_category?id=&csrf_token_name=1234d1da73157eaebe5969c92943a07a
1	1	0	0	0	26772112	0	0	26772112	0	0	161	/user/service/get_category?id=&csrf_token_name=7abe0916d90632a28ffb4456316547ba
1	11	0	0	0	26804051	0	0	26750432	0	0	454388	/assets/fonts/CircularStd-Bold.woff
1	1	0	0	0	26849229	0	0	26849229	0	0	174	/user/service/get_category?id=&csrf_token_name=025022b0bd4cc5a9552a35b0ac083631
1	1	0	0	0	26773600	0	0	26773600	0	0	14725	/add-service
1	1	0	0	0	26761754	0	0	26761754	0	0	2075	/provider-details/1
1	65	0	0	0	26869197	0	0	26750414	0	0	759237	/assets/plugins/owlcarousel/owl.carousel.min.js
1	7	0	0	0	26767411	0	0	26767392	0	0	1127	/user/service/get_category?id=&csrf_token_name=441dce8b1811b24c16339cc2d9d9e480
1	1	0	0	0	26774535	0	0	26774535	0	0	161	/user/service/get_category?id=&csrf_token_name=ddfdee07a911e5701d84083afd0f0053
1	35	0	10	6	26804053	26773587	26761913	26750432	26761756	26750448	114713	/admin/settings
1	0	0	0	43	0	0	26773585	0	0	26771796	0	/uploads/logo/1606201563_web design logo.png
1	7	0	0	0	26804054	0	0	26761910	0	0	137900	/uploads/subcategory_images/1605599948Tantaaa_(3).jpg
1	2	0	0	0	26858816	0	0	26858783	0	0	348	/user/service/get_category?id=&csrf_token_name=1bd57a59af6196ef49e898798fb5ef66
1	26	0	0	0	26860380	0	0	26761908	0	0	3064910	/uploads/category_images/1605599694Tantaaa_(3)_381_286.jpg
1	64	0	0	0	26869197	0	0	26750414	0	0	1212815	/assets/js/moment.min.js
1	1	0	0	0	26854271	0	0	26854271	0	0	174	/user/service/get_category?id=&csrf_token_name=30307e95bbe64f5ec917022affbf36ff
1	2	0	0	0	26773600	0	0	26773599	0	0	30657	/service-preview/MONTHLY-ESSENTIAL-PACKAGE?sid=e4da3b7fbbce2345d7772b0674a318d5
1	1	0	0	1	26750440	0	26761755	26750440	0	26761755	92335	/uploads/subcategory_images/1604903740depositphotos_24857221-stock-photo-manicure-nail.jpg
1	2	0	0	0	26795410	0	0	26761924	0	0	51266	/assets/plugins/toaster/toastr.js.map
1	0	0	0	60	0	0	26869714	0	0	26750432	0	/robots.txt
1	0	0	0	2	0	0	26761755	0	0	26761755	0	/uploads/category_images/thu_1604903245House-Painters-Near-You_50_50.jpg
1	0	0	0	1	0	0	26831094	0	0	26831094	0	/shop/rss/catalog/review
1	20	0	0	0	26771891	0	0	26771790	0	0	3220	/user/service/get_category?id=&csrf_token_name=1a5c0e263612fbef19ba938fc0f9c70d
1	63	0	0	0	26869197	0	0	26750413	0	0	272622	/assets/css/animate.min.css
1	0	0	0	1	0	0	26771795	0	0	26771795	0	/uploads/logo/1606201545_web design logo.png
1	51	0	0	1	26804054	0	26750454	26750432	0	26750454	111429	/dashboard
1	1	0	0	0	26773597	0	0	26773597	0	0	18	/ratingstype/check_ratingstype_name
1	56	0	0	0	26867658	0	0	26750414	0	0	128201	/assets/js/cropper_profile_provider.js
1	0	0	0	1	0	0	26831093	0	0	26831093	0	/shop/index.php/admin/
1	3	3	0	0	26763676	0	0	26761749	0	0	46061	/?122.176.8.222
1	56	0	0	0	26863709	0	0	26750414	0	0	192779	/assets/plugins/theia-sticky-sidebar/theia-sticky-sidebar.js
1	7	7	0	0	26815462	0	0	26788818	0	0	186976	/?47.31.201.157
1	0	0	0	1	0	0	26831094	0	0	26831094	0	/rss/catalog/notifystock
1	1	0	0	0	26781473	0	0	26781473	0	0	174	/user/service/get_category?id=&csrf_token_name=46580d39070e5182125dc30d4e5cc856
1	0	0	0	1	0	0	26831094	0	0	26831094	0	/downloader/index.php
1	0	0	0	1	0	0	26831094	0	0	26831094	0	/dev/rss/catalog/notifystock
1	3	0	0	0	26794860	0	0	26794844	0	0	522	/user/service/get_category?id=&csrf_token_name=94501aa76d08cf608e1bcd7e4b41780c
1	61	0	0	0	26861460	0	0	26750413	0	0	56332	/assets/plugins/owlcarousel/owl.carousel.min.css
1	13	0	0	1	26763228	0	26763096	26763099	0	26763096	2093	/user/service/get_category?id=&csrf_token_name=548bb79609f7f37bff1ce1bcd0b2199b
1	48	0	0	0	26861460	0	0	26750432	0	0	53376	/assets/img/user.jpg
1	4	0	0	0	26856939	0	0	26770825	0	0	66995	/service-preview/monthly-essential-package?sid=e4da3b7fbbce2345d7772b0674a318d5
1	18	0	0	0	26804055	0	0	26750444	0	0	57682	/service-list
1	18	0	0	0	26805178	0	0	26750414	0	0	735120	/assets/fonts/CircularStd-Medium.woff
1	0	0	0	2	0	0	26842756	0	0	26764037	0	/service-preview/sparkle-&-shine
1	7	0	0	0	26804054	0	0	26761910	0	0	190617	/uploads/subcategory_images/1605600007Tantaaa_(16).jpg
1	0	0	0	1	0	0	26831094	0	0	26831094	0	/test/downloader/index.php
1	1	0	0	0	26773583	0	0	26773583	0	0	1070	/admin?122.176.8.222
1	1	0	0	1	26848442	0	26848441	26848442	0	26848441	174	/user/service/get_category?id=&csrf_token_name=c0aaf639fd2fee6e830c79ebd931eb5f
1	1	0	0	0	26802115	0	0	26802115	0	0	1076	/admin?47.31.201.157
1	20	0	0	0	26804054	0	0	26750440	0	0	45766	/payment_list
1	56	0	0	0	26861863	0	0	26750414	0	0	176524	/assets/plugins/jquery-confirm/jquery-confirm.min.css
1	1	0	0	1	26750440	0	26761755	26750440	0	26761755	1357	/uploads/subcategory_images/download (1)_50_50.jpg
1	14	0	0	0	26804052	0	0	26761754	0	0	37783	/service-providers
1	2	0	0	0	26748921	0	0	26748919	0	0	2394	/_autoindex/icons/html.png
1	55	0	0	0	26861863	0	0	26750414	0	0	181487	/assets/js/login.js
1	0	0	0	1	0	0	26831093	0	0	26831093	0	/demo/index.php/admin/
1	24	0	0	0	26860314	0	0	26761908	0	0	4383515	/uploads/category_images/1605599705Tantaaa_(5)_381_286.jpg
1	0	0	0	2	0	0	26761755	0	0	26761755	0	/uploads/category_images/thu_1604902575download_50_50.jpg
1	56	0	0	0	26861863	0	0	26750414	0	0	116988	/assets/js/script.js
1	1	0	0	0	26813567	0	0	26813567	0	0	174	/user/service/get_category?id=&csrf_token_name=1963d1844b6f9862c031ae1c178cb362
1	1	0	0	0	26771724	0	0	26771724	0	0	161	/user/service/get_category?id=&csrf_token_name=09538b16c5e432735228b835f522b43a
1	0	0	3	0	0	26838690	0	0	26767244	0	0	/service-preview/MONTHLY-ESSENTIAL-PACKAGE
1	1	0	0	0	26861863	0	0	26861863	0	0	174	/user/service/get_category?id=&csrf_token_name=6402e22bf06a9d813d6dee7d2eb7224b
1	8	8	0	0	26773585	0	0	26771762	0	0	5091	/admin/profile/crop_profile_img/
1	56	0	0	0	26861460	0	0	26750414	0	0	655780	/assets/js/cropper.min.js
1	0	0	0	33	0	0	26771798	0	0	26771762	0	/uploads/profile_img/temp/1606199568.png
1	0	0	0	2	0	0	26761755	0	0	26761755	0	/uploads/category_images/thu_16049024925e4bf034acae7f373e129948_50_50.jpg
1	7	0	0	0	26804054	0	0	26761910	0	0	121254	/uploads/subcategory_images/1605599956Tantaaa_(1).jpg
1	1	0	0	0	26766041	0	0	26766041	0	0	161	/user/service/get_category?id=&csrf_token_name=d3c9346d6df2b1cb012fdedca75f2397
1	4	0	0	0	26813997	0	0	26763676	0	0	5356	/assets/img/wallet.png
1	63	0	0	0	26861863	0	0	26750414	0	0	605417	/assets/js/bootstrap-datetimepicker.min.js
1	14	0	0	0	26804052	0	0	26761754	0	0	5733	/provider_list
1	61	0	0	0	26863709	0	0	26750413	0	0	1909875	/assets/js/jquery-3.5.0.min.js
1	0	0	0	31	0	0	26773584	0	0	26771799	0	/uploads/profile_img/temp/1606201763.png
1	31	0	0	0	26771890	0	0	26771887	0	0	522	/categories/check_subcategory_name
1	47	0	0	0	26861460	0	0	26750414	0	0	48927	/assets/img/icon-3.png
1	1	0	0	0	26772205	0	0	26772205	0	0	14482	/user-payment
1	0	0	0	1	0	0	26831094	0	0	26831094	0	/store/index.php/admin/
1	1	0	0	1	26750440	0	26761755	26750440	0	26761755	61586	/uploads/subcategory_images/160490346952436.jpg
1	1	0	0	0	26849153	0	0	26849153	0	0	174	/user/service/get_category?id=&csrf_token_name=d9e7194111ad09eaad380c1297999658
1	1	0	0	0	26763676	0	0	26763676	0	0	23	/user/login/check_mobile_existing
1	2	0	0	113	26750432	0	26861460	26750414	0	26761749	7580	/assets/img/title-image.png
1	0	0	0	1	0	0	26831094	0	0	26831094	0	/dev/rss/order/new
1	5	0	0	0	26771847	0	0	26750444	0	0	196100	/assets/fonts/CircularStd-BookItalic.woff
1	0	0	0	1	0	0	26831094	0	0	26831094	0	/staging/rss/order/new
1	0	0	0	2	0	0	26761755	0	0	26761755	0	/uploads/category_images/thu_160433426916012_50_50.jpg
1	1	0	0	0	26869197	0	0	26869197	0	0	174	/user/service/get_category?id=&csrf_token_name=7231f52b0599c59d44324675f7852341
1	2	0	0	0	26750432	0	0	26750414	0	0	33952	/assets/fonts/poppins-bold.woff2
1	11	0	0	0	26862022	0	0	26764036	0	0	175049	/search/home-security
1	54	0	0	0	26861460	0	0	26750413	0	0	808935	/assets/css/style.css
1	1	0	0	0	26855594	0	0	26855594	0	0	174	/user/service/get_category?id=&csrf_token_name=7c8c83c692bfd3c3e0ee426e371675f0
1	57	0	0	0	26861460	0	0	26750414	0	0	164367	/assets/plugins/theia-sticky-sidebar/ResizeSensor.js
1	8	0	0	0	26804051	0	0	26771763	0	0	44400	/uploads/category_images/thu_1605599736Tantaaa_(9)_50_50.jpg
1	1	0	0	0	26770374	0	0	26770374	0	0	161	/user/service/get_category?id=&csrf_token_name=40d886e0adeb8c161d7a28a337fda159
1	7	0	0	0	26804054	0	0	26761910	0	0	176526	/uploads/subcategory_images/1605599983Tantaaa_(10).jpg
1	1	0	0	0	26836488	0	0	26836488	0	0	174	/user/service/get_category?id=&csrf_token_name=097d7f36f21c5e5e5a877ac03788a414
1	6	0	0	0	26795410	0	0	26750441	0	0	1148916	/assets/plugins/bootstrap/js/bootstrap.min.js.map
1	16	0	0	0	26856941	0	0	26761749	0	0	247625	/about-us
1	19	0	0	0	26805178	0	0	26750414	0	0	304650	/assets/plugins/jvectormap/jquery-jvectormap-2.0.3.min.js
1	1	0	0	0	26867959	0	0	26867959	0	0	174	/user/service/get_category?id=&csrf_token_name=6b69c51a9a8ea852201526cbeca98b61
1	0	0	0	1	0	0	26831094	0	0	26831094	0	/shop/downloader/index.php
1	2	0	0	1	26750448	0	26761749	26750430	0	26761749	300132	/uploads/category_images/1604902820istockphoto-512756266-612x612_381_286.jpg
1	8	0	0	0	26804051	0	0	26771763	0	0	38136	/uploads/category_images/thu_1605599749Tantaaa_(11)_50_50.jpg
1	10	0	1	0	26804052	26761760	0	26761760	26761760	0	24056	/admin/sms-settings
1	63	0	0	0	26869197	0	0	26750413	0	0	23937	/assets/plugins/owlcarousel/owl.theme.default.min.css
1	1	0	0	1	26750440	0	26761755	26750440	0	26761755	1694	/uploads/subcategory_images/kitchen-cleaning-services-dubai-2_50_50.jpg
1	6	0	0	0	26795410	0	0	26750441	0	0	518892	/assets/js/moment.min.js.map
1	64	0	0	0	26861460	0	0	26750414	0	0	1703781	/assets/js/bootstrapValidator.min.js
1	6	0	0	0	26804052	0	0	26761760	0	0	1776	/assets/js/stripe_payment_gateway.js
1	0	0	0	17	0	0	26795410	0	0	26750441	0	/assets/js/popper.min.js.map
1	0	0	0	1	0	0	26831094	0	0	26831094	0	/old/rss/catalog/notifystock
1	64	0	0	0	26869197	0	0	26750414	0	0	763163	/assets/js/sweetalert.min.js
1	1	0	0	0	26857177	0	0	26857177	0	0	174	/user/service/get_category?id=&csrf_token_name=f26a490c1e348828a2aea5f7bffdf8ba
1	1	0	0	1	26856939	0	26856939	26856939	0	26856939	17022	/search/Salon-At-Home
1	1	0	0	1	26750440	0	26761755	26750440	0	26761755	1800	/uploads/subcategory_images/index_50_50.jpg
1	1	0	0	0	26857002	0	0	26857002	0	0	174	/user/service/get_category?id=&csrf_token_name=c31e98c8272d7aed9a01e061e2a0edbb
1	1	0	0	0	26861416	0	0	26861416	0	0	174	/user/service/get_category?id=&csrf_token_name=8a2cf7f975324bf95a899e87d9089149
1	1	0	0	0	26847901	0	0	26847901	0	0	174	/user/service/get_category?id=&csrf_token_name=c687d5c7073f891b5f55f6d3ce5de6ab
1	1	0	0	0	26780797	0	0	26780797	0	0	17286	/all-services?47.31.235.160
1	2	0	0	1	26750432	0	26761749	26750414	0	26761749	226646	/uploads/category_images/1604903245House-Painters-Near-You_381_286.jpg
1	0	0	0	1	0	0	26831094	0	0	26831094	0	/magento/rss/order/new
1	9	0	0	0	26804054	0	0	26761909	0	0	23749	/review-reports
1	0	0	0	1	0	0	26831094	0	0	26831094	0	/test/rss/catalog/notifystock
1	4	0	0	0	26777441	0	0	26777441	0	0	696	/user/service/get_category?id=&csrf_token_name=aeae3c27caf88d619643af017e34011e
1	1	0	0	0	26774996	0	0	26774996	0	0	89070	/assets/plugins/fontawesome/webfonts/fa-brands-400.eot?
1	5	0	0	0	26856940	0	0	26763080	0	0	212	/user/service/get_subcategory
1	1	0	0	0	26764340	0	0	26764340	0	0	161	/user/service/get_category?id=&csrf_token_name=93a3c9595f679cce678c6cc456a7038b
1	7	0	0	0	26804054	0	0	26761910	0	0	169631	/uploads/subcategory_images/1605599965Tantaaa_(7).jpg
1	13	0	0	1	26849192	0	26853759	26764035	0	26853759	200977	/help
1	0	0	3	0	0	26767719	0	0	26764036	0	0	/service-preview/hospitality-service
1	1	0	0	0	26773931	0	0	26773931	0	0	161	/user/service/get_category?id=&csrf_token_name=07d7ae143ae236bc6ad188bbd4fe9f17
1	2	0	0	0	26761749	0	0	26761749	0	0	296	/user/service/get_category?id=&csrf_token_name=83b589ebc5f4635949440e1d8a943477
1	55	0	0	0	26867658	0	0	26750414	0	0	438696	/assets/js/functions.js
1	2	0	0	0	26748921	0	0	26748919	0	0	2212	/_autoindex/icons/compress.png
1	0	0	0	5	0	0	26869196	0	0	26842755	0	/robots.txt?54.36.148.170
1	0	0	0	8	0	0	26867657	0	0	26822658	0	/robots.txt?54.36.148.169
1	2	0	0	0	26791683	0	0	26791683	0	0	348	/user/service/get_category?id=&csrf_token_name=caa1eca981801a838065dfe893f3f896
1	7	0	0	0	26804054	0	0	26761910	0	0	121814	/uploads/subcategory_images/1605599938Tantaaa_(13).jpg
1	3	0	0	0	26773597	0	0	26773596	0	0	5214	/admin-notification
1	39	0	0	0	26861460	0	0	26761909	0	0	4426957	/uploads/category_images/1605599749Tantaaa_(11)_381_286.jpg
1	19	0	0	0	26805178	0	0	26750414	0	0	36502	/assets/plugins/slimscroll/jquery.slimscroll.min.js
1	0	0	0	1	0	0	26831093	0	0	26831093	0	/test/index.php/admin/
1	1	0	0	0	26773600	0	0	26773600	0	0	345	/assets/js/success_toaster.js
1	2	0	0	1	26750432	0	26761749	26750414	0	26761749	350290	/uploads/category_images/16049024925e4bf034acae7f373e129948_381_286.jpg
1	17	0	0	1	26856942	0	26858671	26764035	0	26858671	263088	/contact
1	8	0	0	0	26804051	0	0	26771763	0	0	39272	/uploads/category_images/thu_1605599694Tantaaa_(3)_50_50.jpg
1	0	0	0	1	0	0	26831094	0	0	26831094	0	/dev/rss/catalog/review
1	8	0	0	0	26804051	0	0	26771763	0	0	39824	/uploads/category_images/thu_1605599768Tantaaa_(14)_50_50.jpg
1	22	0	0	0	26858783	0	0	26761908	0	0	3092716	/uploads/category_images/1605599718Tantaaa_(6)_381_286.jpg
1	0	0	0	153	0	0	26864672	0	0	26761749	0	/uploads/services/se_full_1604988718sparkel-shine.jpg
1	1	0	0	0	26763120	0	0	26763120	0	0	14816	/service-preview/hospitality-service?sid=1679091c5a880faf6fb5e6087eb1b2dc
1	13	0	0	1	26804052	0	26761909	26750442	0	26761909	28034	/subscriptions
1	3	0	0	0	26773600	0	0	26763676	0	0	1950	/assets/css/tagsinput.css
1	9	0	0	0	26772205	0	0	26772203	0	0	1449	/user/service/get_category?id=&csrf_token_name=7c1ac95997533b82c71c6dd37b0844e9
1	0	0	0	1	0	0	26838690	0	0	26838690	0	/service-preview/SPARKLE-&-SHINE
1	2	0	0	0	26750432	0	0	26750414	0	0	279996	/uploads/category_images/1604902319product-500x500_381_286.jpeg
1	47	0	0	0	26861460	0	0	26750414	0	0	3540792	/assets/plugins/fontawesome/webfonts/fa-brands-400.woff2
1	3	0	0	0	26804051	0	0	26773597	0	0	6643	/edit-category/1
1	1	0	0	0	26856958	0	0	26856958	0	0	174	/user/service/get_category?id=&csrf_token_name=9d1b138e570959995f8022fc96feea41
1	0	0	0	1	0	0	26831094	0	0	26831094	0	/demo/downloader/index.php
1	7	0	0	0	26851358	0	0	26763676	0	0	102767	/assets/js/bootstrap-select.min.js
1	3	0	0	0	26770825	0	0	26770825	0	0	483	/user/service/get_category?id=&csrf_token_name=192a3e964d7a979116eefc6297caafea
1	8	0	0	0	26804051	0	0	26771763	0	0	41864	/uploads/category_images/thu_1605599728Tantaaa_(7)_50_50.jpg
1	0	0	0	1	0	0	26831094	0	0	26831094	0	/magento/errors/503.php
1	3	0	0	0	26821197	0	0	26793973	0	0	47802	/contact?47.31.201.157
1	1	0	0	0	26773795	0	0	26773795	0	0	161	/user/service/get_category?id=&csrf_token_name=5b78904ba7693d66a23a23bbd52ffb67
1	1	1	0	0	26769369	0	0	26769369	0	0	17007	/?54.36.148.0
1	1	0	0	0	26763676	0	0	26763676	0	0	347	/assets/js/provider_bookings.js
1	11	0	0	0	26804051	0	0	26750432	0	0	454564	/assets/fonts/CircularStd-Black.woff
1	1	0	0	0	26785013	0	0	26785013	0	0	174	/user/service/get_category?id=&csrf_token_name=47a5d5e8c0998f67fda78ba03ed89d19
1	2	0	0	0	26750432	0	0	26750414	0	0	234678	/uploads/category_images/160433441015873_381_286.jpg
1	1	0	0	0	26860944	0	0	26860944	0	0	174	/user/service/get_category?id=&csrf_token_name=33853c7419ec148771857a9d5d2c5653
1	7	0	0	0	26804052	0	0	26771776	0	0	22587	/admin/wallet
1	62	0	0	0	26869197	0	0	26750413	0	0	73648	/assets/css/bootstrap-datetimepicker.min.css
1	2	0	0	315	26750432	0	26805178	26750414	0	26761750	4998	/assets/img/logo-icon.png
1	0	0	0	1	0	0	26831094	0	0	26831094	0	/old/errors/503.php
1	18	0	0	0	26805178	0	0	26750414	0	0	32628	/assets/css/select2.min.css
1	0	0	0	43	0	0	26761755	0	0	26750414	0	/uploads/logo/1604917384_favicon.png.png
1	0	0	0	1	0	0	26771755	0	0	26771755	0	/ad
1	4	0	0	0	26771847	0	0	26750444	0	0	8488	/assets/js/cropper_profile.js
1	0	0	0	1	0	0	26771755	0	0	26771755	0	/admi
1	1	0	0	0	26863709	0	0	26863709	0	0	174	/user/service/get_category?id=&csrf_token_name=a8d3dd65c782681f5af879bafbe67224
1	2	2	0	0	26774995	0	0	26772112	0	0	32627	/?54.36.148.11
1	63	0	0	0	26861863	0	0	26750414	0	0	467405	/assets/js/popper.min.js
1	1	0	0	0	26861460	0	0	26861460	0	0	174	/user/service/get_category?id=&csrf_token_name=1328abd8c4e326f2ce68e329b633e09c
1	1	0	0	0	26851359	0	0	26851359	0	0	174	/user/service/get_category?id=&csrf_token_name=b6703d73963b0a05076bee4f2e320396
1	2	0	0	0	26794847	0	0	26794826	0	0	348	/user/service/get_category?id=&csrf_token_name=e0c62d4df1624b2a132b2a63fd1d676a
1	0	0	4	0	0	26838689	0	0	26764034	0	0	/service-preview/Hospitality-Service
1	6	0	0	0	26857186	0	0	26857174	0	0	1044	/user/service/get_category?id=&csrf_token_name=18b8f5b5d776b797120b6c8aeabd5a4e
1	19	0	0	0	26805178	0	0	26750414	0	0	386744	/assets/js/select2.min.js
1	0	0	0	1	0	0	26831094	0	0	26831094	0	/test/rss/order/new
1	0	0	0	1	0	0	26831093	0	0	26831093	0	/old/index.php/admin/
1	6	0	0	0	26817993	0	0	26817991	0	0	1044	/user/service/get_category?id=&csrf_token_name=76d2a1bb7b527e9350a9d17ad4a947f6
1	61	0	0	0	26869197	0	0	26750413	0	0	710800	/assets/plugins/fontawesome/css/fontawesome.min.css
1	0	0	0	2	0	0	26771795	0	0	26771790	0	/uploads/logo/1606201195_aas (1) (1).png
1	1	0	0	1	26750440	0	26761755	26750440	0	26761755	1512	/uploads/subcategory_images/20139_50_50.jpg
1	1	0	0	0	26818570	0	0	26818570	0	0	16871	/search/Hospitality?47.31.201.157
1	2	0	0	0	26748921	0	0	26748919	0	0	2140	/_autoindex/icons/unknown.png
1	7	0	0	0	26763676	0	0	26763676	0	0	1127	/user/service/get_category?id=&csrf_token_name=84910364163a0076d8a835fd4e159eaf
1	8	0	0	0	26804051	0	0	26771763	0	0	34616	/uploads/category_images/thu_1605599686Tantaaa_(2)_50_50.jpg
1	3	0	0	0	26771886	0	0	26761910	0	0	68280	/uploads/subcategory_images/1605599972Tantaaa_(6).jpg
1	0	0	2	1	0	26767587	26869714	0	26764037	26869714	0	/service-preview/home-disinfection-and-sanitization
1	2	0	0	0	26773600	0	0	26773600	0	0	30201	/provider-subscription
1	11	0	0	0	26804055	0	0	26761754	0	0	37451	/admin/total-report
1	2	0	0	0	26813998	0	0	26772205	0	0	1640	/assets/js/user_wallet.js
1	1	0	0	0	26772204	0	0	26772204	0	0	685	/assets/js/user_settings.js
1	4	0	0	0	26789188	0	0	26789187	0	0	696	/user/service/get_category?id=&csrf_token_name=ee8f6b0dc778b34b833175fd672a1aa9
1	0	0	0	11	0	0	26773586	0	0	26771797	0	/uploads/logo/Untitled design.png
1	1	0	0	3	26750414	0	26750431	26750414	0	26750414	166	/user/service/get_category?id=&csrf_token_name=ed5fefcb214ba355c2af7f3d0b5ca4b3
1	5	0	0	0	26857186	0	0	26856940	0	0	85495	/service-preview/Hospitality-Service?sid=1679091c5a880faf6fb5e6087eb1b2dc
1	0	0	0	1	0	0	26831094	0	0	26831094	0	/store/rss/catalog/notifystock
1	1	0	0	0	26790471	0	0	26790471	0	0	174	/user/service/get_category?id=&csrf_token_name=38cec6027bc9c6fbee5bb3574424c27c
1	0	0	0	1	0	0	26831094	0	0	26831094	0	/dev/downloader/index.php
1	5	0	0	0	26774997	0	0	26774996	0	0	870	/user/service/get_category?id=&csrf_token_name=87fd40a8578c872a56c45acbf9dfce34
1	47	0	0	0	26861460	0	0	26750414	0	0	3559216	/assets/plugins/fontawesome/webfonts/fa-solid-900.woff2
1	2	0	1	0	26804054	26761755	0	26761755	26761755	0	4162	/add-category
1	0	0	0	1	0	0	26771755	0	0	26771755	0	/adm
1	3	0	0	0	26773598	0	0	26750442	0	0	6813	/edit-subscription/1
1	11	0	0	0	26858763	0	0	26764035	0	0	177384	/search/computers-repair-and-services
1	39	0	0	0	26861460	0	0	26761909	0	0	5596500	/uploads/category_images/1605599728Tantaaa_(7)_381_286.jpg
1	2	0	0	0	26773600	0	0	26763676	0	0	366	/user/login/check_otp
1	12	0	0	0	26860556	0	0	26764035	0	0	193872	/search/Home-Repair
1	2	0	0	1	26750448	0	26750454	26750432	0	26750454	332	/user/service/get_category?id=&csrf_token_name=b23d545a9c2d12e81e0b4ca98755c1db
1	2	0	1	1	26773597	26773597	26761913	26761910	26773597	26761913	4094	/edit-ratingstype/1
1	377	0	0	0	26804051	0	0	26750432	0	0	2317	/admin/login/is_valid_login
1	0	0	0	152	0	0	26861460	0	0	26761749	0	/uploads/services/se_full_160498885719813.jpg
1	0	0	0	1	0	0	26831094	0	0	26831094	0	/magento/index.php/admin/
1	2	0	0	0	26748921	0	0	26748919	0	0	342	/_autoindex/icons/blank.png
1	8	0	0	1	26761915	0	26761914	26761914	0	26761914	1288	/user/service/get_category?id=&csrf_token_name=8b25191697493c830a105117b28cb814
1	0	0	0	2	0	0	26761755	0	0	26761755	0	/uploads/category_images/thu_1604902820istockphoto-512756266-612x612_50_50.jpg
1	0	0	0	1	0	0	26831094	0	0	26831094	0	/old/downloader/index.php
1	0	0	0	2	0	0	26761755	0	0	26761755	0	/uploads/category_images/thu_160433441015873_50_50.jpg
1	8	0	0	0	26864243	0	0	26794376	0	0	138253	/all-services
1	68	0	4	5	26805178	26761913	26750431	26750414	26750448	26750428	60028	/admin
1	45	0	0	0	26861460	0	0	26761908	0	0	5648167	/uploads/category_images/1605599768Tantaaa_(14)_381_286.jpg
1	1	0	0	0	26770794	0	0	26770794	0	0	375	/assets/plugins/owlcarousel/owl.theme.default.min.css?54.36.148.0
1	0	0	0	1	0	0	26831094	0	0	26831094	0	/magento/rss/catalog/notifystock
1	6	0	0	0	26864427	0	0	26763676	0	0	34050	/assets/js/tagsinput.js
1	1	0	0	0	26847030	0	0	26847030	0	0	174	/user/service/get_category?id=&csrf_token_name=4f1999e89c712cab87a348b7100b1e37
1	1	0	0	10	26750089	0	26856939	26750089	0	26748919	0	/favicon.ico
1	15	0	0	0	26857178	0	0	26761914	0	0	10200	/assets/js/service_search.js
1	14	0	0	0	26860342	0	0	26764036	0	0	226809	/search/Painting
1	0	0	0	1	0	0	26831094	0	0	26831094	0	/demo/errors/503.php
1	1	0	0	0	26803975	0	0	26803975	0	0	174	/user/service/get_category?id=&csrf_token_name=bf22c94308c5684635880d48c5c0d9b8
1	21	0	0	1	26856942	0	26856938	26856938	0	26856938	3654	/user/service/get_category?id=&csrf_token_name=63e7441e63f11740c10d24fc7640b634
1	8	0	0	0	26804051	0	0	26771763	0	0	35928	/uploads/category_images/thu_1605599678Tantaaa_(1)_50_50.jpg
1	12	0	0	0	26859041	0	0	26764036	0	0	187581	/terms-conditions
1	18	0	0	0	26805178	0	0	26750414	0	0	61200	/assets/plugins/jvectormap/jquery-jvectormap-2.0.3.css
1	55	0	0	0	26863709	0	0	26750414	0	0	159874	/assets/js/script_crop.js
1	6	0	0	0	26815510	0	0	26815462	0	0	1044	/user/service/get_category?id=&csrf_token_name=28f0d242d730008ef5e95f4dd6a0f84d
1	0	0	0	1	0	0	26783669	0	0	26783669	0	/robots.txt?47.31.235.160
1	0	0	0	1	0	0	26831094	0	0	26831094	0	/shop/rss/catalog/notifystock
1	20	0	0	1	26856938	0	26858632	26761914	0	26858632	324760	/search/salon-at-home
1	7	7	0	0	26864277	0	0	26813996	0	0	187403	/?54.36.148.169
1	0	0	0	2	0	0	26761755	0	0	26761755	0	/uploads/category_images/thu_1604902319product-500x500_50_50.jpeg
1	5	5	0	0	26866444	0	0	26839959	0	0	272295	/?54.36.148.170
1	18	0	0	0	26771796	0	0	26750414	0	0	91804	/assets/img/favicon.png
1	1	0	0	0	26864278	0	0	26864278	0	0	174	/user/service/get_category?id=&csrf_token_name=aedd67f12691dd072c6c7c5b8c881d1f
1	2	0	0	0	26856953	0	0	26856952	0	0	348	/user/service/get_category?id=&csrf_token_name=b2c317799d49fac36ee48e4047672032
1	4	0	0	0	26773599	0	0	26763080	0	0	256	/user/login/send_otp_request
1	18	0	0	0	26805178	0	0	26750414	0	0	182864	/assets/css/admin.css
1	1	0	0	0	26765760	0	0	26765760	0	0	161	/user/service/get_category?id=&csrf_token_name=d71325120ef0c85b7db5e98208478a10
1	2	0	0	1	26750432	0	26761749	26750414	0	26761749	312788	/uploads/category_images/1604902575download_381_286.jpg
1	1	0	0	0	26761910	0	0	26761910	0	0	27231	/uploads/subcategory_images/1605599928Tantaaa_(16).jpg
1	1	0	0	1	26750440	0	26761755	26750440	0	26761755	25138	/uploads/subcategory_images/160490361387562.jpg
1	7	0	0	0	26804063	0	0	26804062	0	0	1218	/user/service/get_category?id=&csrf_token_name=2816b4990a1e9d20519b091329963977
1	1	0	0	0	26784962	0	0	26784962	0	0	174	/user/service/get_category?id=&csrf_token_name=7e64d99fb175b1e92d5f50865ae7a035
1	4	0	0	0	26771750	0	0	26771749	0	0	4254	/admin?fbclid=IwAR0e729IX2P_lEbIgWcNhIsvMvbwaZN_eBDskG6X1VFxM04HQNu3j34Yxig
1	0	0	0	9	0	0	26761983	0	0	26761908	0	/user/service/get_category?id=&csrf_token_name=effdc51cf7cc0b00062e3d13c6ffd6f2
1	0	0	0	1	0	0	26831094	0	0	26831094	0	/dev/errors/503.php
1	1	0	0	0	26750444	0	0	26750444	0	0	57681	/uploads/services/se_full_1604857749girls-western-dress-1583729517-5330489.jpeg
1	15	0	0	1	26856939	0	26859361	26762880	0	26859361	240009	/search/hospitality
1	2	0	0	0	26773598	0	0	26750442	0	0	26	/service/update_subscription
1	61	0	0	0	26861460	0	0	26750413	0	0	63338	/assets/plugins/datatables/datatables.min.css
1	1	0	0	0	26794844	0	0	26794844	0	0	174	/user/service/get_category?id=&csrf_token_name=c09dea6ad31660d4ca9e77b630ef9dc0
1	0	0	0	1	0	0	26831094	0	0	26831094	0	/test/rss/catalog/review
1	0	0	0	1	0	0	26831094	0	0	26831094	0	/old/rss/order/new
1	2	0	0	1	26762880	0	26762879	26762880	0	26762879	322	/user/service/get_category?id=&csrf_token_name=afd22061c272c1e5cc2b4e25ba6f376b
1	8	0	0	0	26773598	0	0	26750442	0	0	160	/service/check_subscription_name
1	1	0	0	0	26868111	0	0	26868111	0	0	174	/user/service/get_category?id=&csrf_token_name=a5152dbcc263c72710df198d22dc7ea4
1	17	0	2	4	26804052	26771760	26750454	26750445	26761760	26750447	41749	/admin/emailsettings
1	1	0	0	0	26773597	0	0	26773597	0	0	0	/admin/dashboard/change_rating
1	2	0	0	0	26763676	0	0	26763676	0	0	29986	/provider-dashboard
1	0	0	0	2	0	0	26761755	0	0	26761755	0	/uploads/category_images/thu_1604902955How-Home-Security-Has-Advanced-in-the-21st-Century_50_50.jpg
1	3	0	0	0	26779549	0	0	26779548	0	0	522	/user/service/get_category?id=&csrf_token_name=2c0ffb5b599a2745cea88cdec2fc6de1
1	1	0	0	0	26774996	0	0	26774996	0	0	99301	/assets/plugins/fontawesome/webfonts/fa-solid-900.eot?
1	2	0	0	0	26773600	0	0	26773600	0	0	31948	/provider-availability
1	1	0	0	0	26868111	0	0	26868111	0	0	174	/user/service/get_category?id=&csrf_token_name=51955b08166f55f5c83f95287e3bda36
1	0	0	0	1	0	0	26831094	0	0	26831094	0	/errors/503.php
1	1	0	0	0	26750089	0	0	26750089	0	0	24	/robots.txt?47.30.208.226
1	0	0	0	1	0	0	26831094	0	0	26831094	0	/old/rss/catalog/review
1	2	0	0	0	26775100	0	0	26775082	0	0	322	/user/service/get_category?id=&csrf_token_name=adbcbee4550ebf9ecd3339fa0005b1d9
1	16	0	2	1	26804055	26775138	26761913	26750440	26772075	26761913	49312	/subcategories
1	1	0	1	0	26771887	26771887	0	26771887	26771887	0	2353	/edit-subcategory/5
1	0	0	0	1	0	0	26831094	0	0	26831094	0	/staging/errors/503.php
1	1	0	0	0	26771785	0	0	26771785	0	0	3461	/admin/reject-report
1	0	0	3	0	0	26826299	0	0	26764035	0	0	/service-preview/Home-Disinfection-and-Sanitization
1	2	0	0	0	26750432	0	0	26750414	0	0	34200	/assets/fonts/poppins-medium.woff2
1	3	0	1	0	26771890	26771890	0	26771784	26771890	0	7008	/edit-subcategory/1
1	8	0	0	0	26804051	0	0	26771763	0	0	41464	/uploads/category_images/thu_1605599718Tantaaa_(6)_50_50.jpg
1	0	0	0	1	0	0	26831094	0	0	26831094	0	/staging/rss/catalog/notifystock
1	216	216	0	14	26869356	0	26774997	26748919	0	26750089	4556513	/
1	1	1	0	0	26773600	0	0	26773600	0	0	9	/user/subscription/stripe_payments/
1	8	0	0	0	26804051	0	0	26771763	0	0	48880	/uploads/category_images/thu_1605599705Tantaaa_(5)_50_50.jpg
1	11	0	0	0	26804052	0	0	26750432	0	0	4094	/users_list
1	10	0	0	3	26857178	0	26855565	26764036	0	26761914	163100	/search/home-cleaning
1	1	0	0	0	26761755	0	0	26761755	0	0	5422	/uploads/category_images/thu_category_151adfe0_50_50.
1	1	0	0	1	26750440	0	26761755	26750440	0	26761755	1573	/uploads/subcategory_images/61945_50_50.jpg
1	47	0	0	0	26861460	0	0	26761908	0	0	4773528	/uploads/services/se_full_16056008890bc788ef8da746e2a95fdf4ffbbc84c2-shutterstock_1682326498.jpg
1	1	0	0	1	26750440	0	26761755	26750440	0	26761755	1583	/uploads/subcategory_images/images_50_50.jpg
1	11	0	0	0	26862223	0	0	26763161	0	0	179458	/search/Hospitality
1	1	0	0	0	26774996	0	0	26774996	0	0	16843	/assets/plugins/fontawesome/webfonts/fa-regular-400.eot?
1	56	0	0	0	26863709	0	0	26750414	0	0	3547210	/assets/plugins/jquery-ui/jquery-ui.min.js
1	61	0	0	0	26867658	0	0	26750413	0	0	726219	/assets/plugins/fontawesome/css/all.min.css
1	19	0	0	0	26805178	0	0	26750414	0	0	53364	/assets/js/bootstrap-notify.min.js
1	10	0	0	1	26856938	0	26860090	26764036	0	26860090	160919	/search/mobile-repair-and-services
1	0	0	0	1	0	0	26831094	0	0	26831094	0	/test/errors/503.php
1	54	0	0	0	26773599	0	0	26763080	0	0	936	/user/login/mobileno_chk
1	40	0	0	0	26861460	0	0	26761909	0	0	5987440	/uploads/category_images/1605599736Tantaaa_(9)_381_286.jpg
1	3	0	0	0	26767464	0	0	26767394	0	0	483	/user/service/get_category?id=&csrf_token_name=fcbf69081dc634acd5b6f60de6822fc9
1	0	0	0	1	0	0	26831094	0	0	26831094	0	/store/rss/catalog/review
1	1	0	0	0	26779548	0	0	26779548	0	0	174	/user/service/get_category?id=&csrf_token_name=f4758db04bd54e64e00a54da22097b28
1	55	0	0	0	26861460	0	0	26750414	0	0	49682	/assets/js/multi-step-modal.js
1	4	0	0	0	26761755	0	0	26761755	0	0	981516	/uploads/category_images/1605599119category_151adfe0.jpeg
1	1	0	0	0	26784866	0	0	26784866	0	0	174	/user/service/get_category?id=&csrf_token_name=0ac5536ae7fc9f932b0f7c0dded6f962
1	1	0	0	0	26840034	0	0	26840034	0	0	174	/user/service/get_category?id=&csrf_token_name=3a04e82837fcb6571f53b20a9e9e9f47
1	1	0	0	0	26763676	0	0	26763676	0	0	14672	/provider-bookings
1	3	0	0	0	26772076	0	0	26772038	0	0	483	/user/service/get_category?id=&csrf_token_name=384ef592b0006cd357f1e1708ce4b121
1	2	0	0	0	26748921	0	0	26748919	0	0	2324	/_autoindex/icons/text.png
1	6	0	0	0	26851358	0	0	26763676	0	0	20724	/assets/js/service.js
1	0	0	2	0	0	26768501	0	0	26764037	0	0	/service-preview/monthly-essential-package
1	1	0	0	0	26773600	0	0	26773600	0	0	1098	/assets/js/provider_subscription.js
1	9	0	0	0	26773584	0	0	26750444	0	0	26846	/admin-profile
1	19	0	0	0	26804055	0	0	26761755	0	0	53303	/categories
1	0	0	0	155	0	0	26804055	0	0	26773585	0	/uploads/profile_img/temp/1606308911.png
1	0	0	0	1	0	0	26831094	0	0	26831094	0	/staging/index.php/admin/
1	2	0	0	1	26750448	0	26761749	26750414	0	26761749	350374	/uploads/category_images/1604902955How-Home-Security-Has-Advanced-in-the-21st-Century_381_286.jpg
1	1	0	0	1	26750440	0	26761755	26750440	0	26761755	123863	/uploads/subcategory_images/16049035607692.jpg
1	0	0	0	1	0	0	26831094	0	0	26831094	0	/rss/catalog/review
1	1	0	0	0	26782128	0	0	26782128	0	0	174	/user/service/get_category?id=&csrf_token_name=09d5d4d43c0934c8058a8195c9ce16d6
2	0	0	0	3	0	0	26831094	0	0	26831094	0	20.1940702829759
2	0	0	0	3	0	0	26831094	0	0	26831094	0	99.3043990424269
2	0	0	0	3	0	0	26831094	0	0	26831094	0	24.199884302039
2	0	0	0	3	0	0	26831094	0	0	26831094	0	2.32729780986105
2	0	0	0	3	0	0	26831094	0	0	26831094	0	36.7551670626924
2	0	0	0	3	0	0	26831094	0	0	26831094	0	40.2641782789289
2	0	0	0	3	0	0	26831094	0	0	26831094	0	26.583158399243
2	0	0	0	3	0	0	26831094	0	0	26831094	0	26.2479497648059
2	0	0	0	3	0	0	26831094	0	0	26831094	0	95.3064473838303
3	2	0	0	0	26789188	0	0	26789188	0	0	16107	https://s.tantaaa.com/search/Home-Security
3	63	0	0	0	26805178	0	0	26750414	0	0	2499188	https://s.tantaaa.com/assets/css/admin.css
3	0	0	0	1	0	0	26772075	0	0	26772075	0	https://s.tantaaa.com/admin/login
3	9	0	0	0	26763676	0	0	26763676	0	0	41475	https://s.tantaaa.com/provider-dashboard
3	97	14	0	53	26804055	0	26804055	26750440	0	26750440	1958285	https://s.tantaaa.com/subcategories
3	2599	12	0	314	26869197	0	26861460	26748919	0	26748919	65834734	https://s.tantaaa.com/
3	2	0	0	1	26767411	0	26761914	26767393	0	26761914	14800	https://s.tantaaa.com/search/appliances-repair-and-services
3	5	1	0	0	26856941	0	0	26761915	0	0	18971	https://s.tantaaa.com/search
3	1	0	0	0	26771749	0	0	26771749	0	0	1052	https://l.facebook.com/
3	4	0	0	9	26804051	0	26804051	26773597	0	26773597	260491	https://s.tantaaa.com/edit-category/1
3	29	26	0	0	26858671	0	0	26763073	0	0	472242	https://tantaaa.com/
3	28	0	1	3	26771887	26771887	26771887	26771887	26771887	26771887	3652	https://s.tantaaa.com/edit-subcategory/5
3	4	0	0	0	26771888	0	0	26767393	0	0	15092	https://s.tantaaa.com/search/home-repair
3	11	3	2	8	26772075	26772075	26771890	26771784	26771890	26771784	57107	https://s.tantaaa.com/edit-subcategory/1
3	699	0	0	39	26805178	0	26805178	26750414	0	26761750	3207545	https://s.tantaaa.com/admin
3	6	0	1	5	26804054	26761755	26804054	26761755	26761755	26761755	6018	https://s.tantaaa.com/add-category
3	1	0	0	0	26763161	0	0	26763161	0	0	161	https://s.tantaaa.com/search/Hospitality
3	0	0	0	1	0	0	26773801	0	0	26773801	0	https://s.tantaaa.com/uploads/category_images/1605599678Tantaaa_(1)_381_286.jpg
3	29	0	0	36	26804052	0	26804052	26761754	0	26761754	47163	https://s.tantaaa.com/service-providers
3	29	29	0	1	26857002	0	26784866	26767394	0	26784866	476024	http://www.tantaaa.com/
3	2	0	0	1	26765240	0	26858671	26765240	0	26858671	30316	http://tantaaa.com/
3	14	1	0	1	26857178	0	26813996	26772203	0	26813996	164914	https://s.tantaaa.com/search/home-cleaning
3	13	12	0	0	26861460	0	0	26767392	0	0	217873	https://www.tantaaa.com/
3	1	0	0	0	26763120	0	0	26763120	0	0	161	https://s.tantaaa.com/service-preview/hospitality-service?sid=1679091c5a880faf6fb5e6087eb1b2dc
3	21	0	2	40	26804053	26771760	26804052	26750445	26761760	26750445	39778	https://s.tantaaa.com/admin/emailsettings
3	37	0	0	0	26857178	0	0	26813996	0	0	91280	https://s.tantaaa.com/service-preview/home-disinfection-and-sanitization?sid=8f14e45fceea167a5a36dedd4bea2543
3	21	8	0	19	26773585	0	26773584	26750444	0	26750444	46274	https://s.tantaaa.com/admin-profile
3	11	0	0	30	26804055	0	26804055	26761754	0	26761754	30672	https://s.tantaaa.com/admin/total-report
3	2	2	0	0	26802443	0	0	26802443	0	0	31003	https://www.google.com/
3	37	0	10	111	26804053	26773587	26804053	26750440	26761756	26750432	113946	https://s.tantaaa.com/admin/settings
3	1	1	0	0	26791683	0	0	26791683	0	0	17782	http://www.tantaaa.com/users/login
3	11	4	0	0	26775138	0	0	26773600	0	0	89238	https://s.tantaaa.com/add-service
3	3	0	0	2	26771785	0	26771785	26771785	0	26771785	2519	https://s.tantaaa.com/admin/reject-report
3	9	0	0	24	26804054	0	26804054	26761909	0	26761909	19962	https://s.tantaaa.com/review-reports
3	21	0	0	32	26804052	0	26804052	26761760	0	26761760	29259	https://s.tantaaa.com/admin/stripe_payment_gateway
3	14	4	0	0	26856942	0	0	26771888	0	0	102112	https://s.tantaaa.com/contact
3	57	0	0	2	26771750	0	26771750	26771749	0	26771749	317462	https://s.tantaaa.com/admin?fbclid=IwAR0e729IX2P_lEbIgWcNhIsvMvbwaZN_eBDskG6X1VFxM04HQNu3j34Yxig
3	56	0	0	5	26773600	0	26773600	26773599	0	26773599	33324	https://s.tantaaa.com/service-preview/MONTHLY-ESSENTIAL-PACKAGE?sid=e4da3b7fbbce2345d7772b0674a318d5
3	98	0	1	91	26804054	26771776	26804054	26750432	26771776	26750432	280904	https://s.tantaaa.com/dashboard
3	3	3	0	0	26774997	0	0	26774995	0	0	51215	http://www.tantaaa.com/returnpolicy
3	3	0	0	0	26856938	0	0	26856938	0	0	8199	https://s.tantaaa.com/search/mobile-repair-and-services
3	5	0	1	0	26773600	26773600	0	26773600	26773600	0	32134	https://s.tantaaa.com/provider-availability
3	1	0	0	0	26771889	0	0	26771889	0	0	161	https://s.tantaaa.com/search/home-security
3	63	0	0	308	26861460	0	26861460	26750414	0	26761749	52738353	https://s.tantaaa.com/assets/css/style.css
3	9	0	1	24	26804052	26761760	26804052	26761760	26761760	26761760	25228	https://s.tantaaa.com/admin/sms-settings
3	16	0	0	0	26848442	0	0	26761915	0	0	67040	https://s.tantaaa.com/search/painting
3	2	0	0	0	26763676	0	0	26763676	0	0	508	https://s.tantaaa.com/provider-bookings
3	30	0	0	77	26804055	0	26804055	26750444	0	26750444	1122781	https://s.tantaaa.com/service-list
3	0	0	0	2	0	0	26856939	0	0	26771889	0	https://s.tantaaa.com/service-preview/sparkle-&-shine?sid=a87ff679a2f3e71d9181a67b7542122c
3	1	0	0	2	26761754	0	26761754	26761754	0	26761754	2384	https://s.tantaaa.com/provider-details/1
3	3	0	1	5	26773597	26773597	26773597	26761910	26773597	26761910	5230	https://s.tantaaa.com/edit-ratingstype/1
3	6	0	0	0	26793447	0	0	26793447	0	0	40101	https://s.tantaaa.com/terms-conditions
3	20	0	0	45	26804055	0	26804054	26750440	0	26750440	55737	https://s.tantaaa.com/payment_list
3	6	0	0	0	26813998	0	0	26772205	0	0	2323	https://s.tantaaa.com/user-wallet
3	9	0	0	0	26772205	0	0	26772204	0	0	58190	https://s.tantaaa.com/user-dashboard
3	1	0	0	3	26856939	0	26856939	26856939	0	26856939	174	https://s.tantaaa.com/search/Salon-At-Home
3	65	0	0	7	26856939	0	26856939	26770825	0	26770825	35689	https://s.tantaaa.com/service-preview/monthly-essential-package?sid=e4da3b7fbbce2345d7772b0674a318d5
3	1	0	0	4	26771800	0	26771800	26771800	0	26771800	3374	https://s.tantaaa.com/service-details/4
3	141	0	0	0	26861460	0	0	26750414	0	0	7738456	https://s.tantaaa.com/assets/plugins/fontawesome/css/all.min.css
3	7	0	0	20	26804052	0	26804052	26771786	0	26771776	18100	https://s.tantaaa.com/admin/wallet
3	1	0	0	0	26856940	0	0	26856940	0	0	174	https://s.tantaaa.com/search/Painting
3	2	0	0	0	26772204	0	0	26772204	0	0	846	https://s.tantaaa.com/user-settings
3	3	0	0	9	26773597	0	26773597	26773596	0	26773596	6148	https://s.tantaaa.com/admin-notification
3	7	1	0	0	26773600	0	0	26773600	0	0	33033	https://s.tantaaa.com/provider-subscription
3	11	2	0	0	26857186	0	0	26856940	0	0	84845	https://s.tantaaa.com/service-preview/Hospitality-Service?sid=1679091c5a880faf6fb5e6087eb1b2dc
3	1	1	0	0	26817991	0	0	26817991	0	0	17782	http://www.tantaaa.com/search?category=Baby-Care-SWKMN&q=&sort_by=1&brand=Demo-brand-12&seller_id=&min_price=&max_price=
3	21	0	0	0	26849229	0	0	26793196	0	0	199130	https://s.tantaaa.com/help
3	0	0	0	1	0	0	26772205	0	0	26772205	0	https://checkout.stripe.com/
3	6	2	0	0	26856941	0	0	26761749	0	0	36239	https://s.tantaaa.com/about-us
3	3	1	0	0	26793447	0	0	26793447	0	0	18129	https://s.tantaaa.com/privacy
3	16	0	0	41	26804054	0	26804054	26750442	0	26750442	38886	https://s.tantaaa.com/ratingstype
3	2	0	0	0	26772205	0	0	26772205	0	0	15401	https://s.tantaaa.com/user-payment
3	22	0	0	0	26867658	0	0	26767905	0	0	129635	https://s.tantaaa.com/faq
3	12	0	0	31	26804052	0	26804052	26750442	0	26750442	33435	https://s.tantaaa.com/subscriptions
3	13	0	0	5	26773598	0	26773598	26750442	0	26750442	6591	https://s.tantaaa.com/edit-subscription/1
3	27	0	0	1	26771725	0	26771725	26771725	0	26771725	303275	https://s.tantaaa.com/admin?fbclid=IwAR0r6hi1dX2xDMm60RzIbcvbqyl3JvYC95cDywR9meeklMImwBJqUku9H8M
3	90	0	1	66	26804054	26775138	26804055	26761755	26775138	26761755	414908	https://s.tantaaa.com/categories
3	219	2	0	2	26868111	0	26856938	26763074	0	26784866	5353514	https://s.tantaaa.com/all-categories
3	21	0	0	25	26804052	0	26804052	26750432	0	26750432	34405	https://s.tantaaa.com/users
3	19	2	0	17	26856939	0	26856938	26761914	0	26761914	120679	https://s.tantaaa.com/search/salon-at-home
3	15	0	0	2	26856942	0	26856939	26762880	0	26856939	267990	https://s.tantaaa.com/search/hospitality
4	68	2	0	13	26793447	0	26793447	26793445	0	26793445	2766240	Mozilla/5.0 (Windows NT 6.1; WOW64) AppleWebKit/537.36 (KHTML, like Gecko) Chrome/87.0.4280.88 Safari/537.36
4	68	3	0	17	26857186	0	26857186	26857174	0	26857174	3213326	Mozilla/5.0 (Windows NT 10.0; Win64; x64) AppleWebKit/537.36 (KHTML, like Gecko) Chrome/88.0.4324.96 Safari/537.36
4	68	4	0	15	26817993	0	26817993	26817991	0	26817991	3211043	Mozilla/5.0 (Linux; Android 10; RMX2050) AppleWebKit/537.36 (KHTML, like Gecko) Chrome/83.0.4103.106 Mobile Safari/537.36
4	57	1	0	5	26791683	0	26791683	26791683	0	26791683	2691796	Mozilla/5.0 (Linux; Android 9; Redmi 6) AppleWebKit/537.36 (KHTML, like Gecko) Chrome/81.0.4044.138 Mobile Safari/537.36
4	65	4	0	21	26774997	0	26774997	26774995	0	26774995	3249439	Mozilla/5.0 (Windows NT 10.0; WOW64; Trident/7.0; rv:11.0) like Gecko
4	56	1	0	7	26856953	0	26856952	26856952	0	26856952	2691296	Mozilla/5.0 (X11; Linux x86_64) AppleWebKit/537.36 (KHTML, like Gecko) Chrome/87.0.4280.141 Safari/537.36
4	243	9	0	38	26848442	0	26848441	26784866	0	26784866	10921810	Mozilla/5.0 (Linux; Android 10; HD1901) AppleWebKit/537.36 (KHTML, like Gecko) Chrome/85.0.4183.101 Mobile Safari/537.36
4	1	1	0	0	26761914	0	0	26761914	0	0	16960	WhatsApp/2.20.202.18 A
4	680	46	10	395	26779581	26775138	26779549	26767394	26771776	26767394	14031089	Mozilla/5.0 (Windows NT 10.0; Win64; x64) AppleWebKit/537.36 (KHTML, like Gecko) Chrome/87.0.4280.66 Safari/537.36
4	107	13	0	35	26765760	0	26765760	26761914	0	26761914	3453715	Mozilla/5.0 (Linux; Android 10; Redmi Note 9 Pro Max) AppleWebKit/537.36 (KHTML, like Gecko) Chrome/86.0.4240.185 Mobile Safari/537.36
4	5	0	0	0	26792069	0	0	26792068	0	0	20082	Mozilla/5.0 AppleWebKit/537.36 (KHTML, like Gecko; compatible; Googlebot/2.1; +http://www.google.com/bot.html) Chrome/85.0.4183.140 Safari/537.36
4	133	3	0	10	26770827	0	26770825	26748919	0	26748919	2722295	Mozilla/5.0 (Windows NT 10.0; Win64; x64) AppleWebKit/537.36 (KHTML, like Gecko) Chrome/86.0.4240.183 Safari/537.36
4	316	11	5	161	26773931	26771798	26773931	26767392	26771789	26767392	8702868	Mozilla/5.0 (Macintosh; Intel Mac OS X 10_15_7) AppleWebKit/537.36 (KHTML, like Gecko) Chrome/86.0.4240.183 Safari/537.36
4	30	0	0	1	26771933	0	26771933	26771932	0	26771933	394578	Mozilla/5.0 (Windows NT 6.1; Win64; x64) AppleWebKit/537.36 (KHTML, like Gecko) Chrome/84.0.4147.135 Safari/537.36
4	4	2	0	1	26858671	0	26858671	26765240	0	26858671	65111	Mozilla/5.0 (Windows NT 5.1) AppleWebKit/537.36 (KHTML, like Gecko) Maxthon/4.9.4.3000 Chrome/39.0.2146.0 Safari/537.36
4	0	0	0	42	0	0	26869714	0	0	26765690	0	Mozilla/5.0 (compatible; AhrefsBot/6.1; +http://ahrefs.com/robot/)
4	8	4	0	0	26869197	0	0	26863709	0	0	135242	Mozilla/5.0 (Linux; Android 6.0.1; Nexus 5X Build/MMB29P) AppleWebKit/537.36 (KHTML, like Gecko) Chrome/88.0.4324.113 Mobile Safari/537.36 (compatible; Googlebot/2.1; +http://www.google.com/bot.html)
4	94	0	0	0	26793196	0	0	26767661	0	0	909510	Mozilla/5.0 (Linux; Android 6.0.1; Nexus 5X Build/MMB29P) AppleWebKit/537.36 (KHTML, like Gecko) Chrome/85.0.4183.140 Mobile Safari/537.36 (compatible; Googlebot/2.1; +http://www.google.com/bot.html)
4	103	1	0	9	26777890	0	26777890	26771755	0	26771755	3327356	Mozilla/5.0 (Linux; Android 10; Redmi Note 9 Pro Max) AppleWebKit/537.36 (KHTML, like Gecko) Chrome/87.0.4280.66 Mobile Safari/537.36
4	54	1	0	6	26785013	0	26785013	26785013	0	26785013	2693288	Mozilla/5.0 (Macintosh; Intel Mac OS X 10_15_7) AppleWebKit/537.36 (KHTML, like Gecko) Chrome/87.0.4280.67 Safari/537.36
4	10	10	0	0	26858779	0	0	26799935	0	0	1183732	Mozilla/5.0 (compatible; Nimbostratus-Bot/v1.3.2; http://cloudsystemnetworks.com)
4	238	7	1	62	26750454	26750448	26750508	26750089	26750448	26750089	4793332	Mozilla/5.0 (Windows NT 6.1; Win64; x64) AppleWebKit/537.36 (KHTML, like Gecko) Chrome/86.0.4240.183 Safari/537.36
4	15	10	0	28	26869356	0	26869196	26792038	0	26767661	258449	Mozilla/5.0 (compatible; Googlebot/2.1; +http://www.google.com/bot.html)
4	2	0	0	0	26868111	0	0	26868034	0	0	348	Mozilla/5.0 AppleWebKit/537.36 (KHTML, like Gecko; compatible; Googlebot/2.1; +http://www.google.com/bot.html) Chrome/88.0.4324.114 Safari/537.36
4	17	0	0	5	26844893	0	26842756	26764035	0	26838688	1400836	Mozilla/5.0 (compatible; YandexImages/3.0; +http://yandex.com/bots)
4	1	1	0	0	26833797	0	0	26833797	0	0	118143	Mozilla/5.0 (X11; Ubuntu; Linux x86_64; rv:58.0) Gecko/20100101 Firefox/58.0
4	23	0	0	10	26771725	0	26772386	26771725	0	26771725	829092	facebookexternalhit/1.1 (+http://www.facebook.com/externalhit_uatext.php)
4	0	0	0	3	0	0	26773600	0	0	26772205	0	Go-http-client/1.1
4	97	0	0	0	26864278	0	0	26841833	0	0	902906	Mozilla/5.0 AppleWebKit/537.36 (KHTML, like Gecko; compatible; Googlebot/2.1; +http://www.google.com/bot.html) Chrome/87.0.4280.90 Safari/537.36
4	235	11	8	158	26761983	26761913	26761983	26761749	26761755	26761749	7788650	Mozilla/5.0 (Windows NT 6.1; Win64; x64) AppleWebKit/537.36 (KHTML, like Gecko) Chrome/86.0.4240.193 Safari/537.36
4	7	4	0	0	26793196	0	0	26767661	0	0	112097	Mozilla/5.0 (Linux; Android 6.0.1; Nexus 5X Build/MMB29P) AppleWebKit/537.36 (KHTML, like Gecko) Chrome/86.0.4240.96 Mobile Safari/537.36 (compatible; Googlebot/2.1; +http://www.google.com/bot.html)
4	54	1	0	6	26861460	0	26861460	26861460	0	26861460	2674017	Mozilla/5.0 (Windows NT 10.0; Win64; x64) AppleWebKit/537.36 (KHTML, like Gecko) Chrome/88.0.4324.104 Safari/537.36
4	0	0	0	4	0	0	26774996	0	0	26774996	0	Mozilla/5.0 (Windows NT 10.0; Win64; x64; Trident/7.0; rv:11.0) like Gecko
4	145	6	0	1	26863709	0	26853756	26813011	0	26853756	1468343	Mozilla/5.0 (Linux; Android 6.0.1; Nexus 5X Build/MMB29P) AppleWebKit/537.36 (KHTML, like Gecko) Chrome/87.0.4280.90 Mobile Safari/537.36 (compatible; Googlebot/2.1; +http://www.google.com/bot.html)
4	297	3	0	179	26779548	0	26779548	26766041	0	26766041	7670319	Mozilla/5.0 (Windows NT 10.0; Win64; x64) AppleWebKit/537.36 (KHTML, like Gecko) Chrome/86.0.4240.198 Safari/537.36
4	54	1	0	6	26782128	0	26782128	26782128	0	26782128	2732946	Mozilla/5.0 (Windows NT 6.3; Win64; x64) AppleWebKit/537.36 (KHTML, like Gecko) Chrome/87.0.4280.66 Safari/537.36
4	2	1	0	3	26771755	0	26771755	26771755	0	26771755	18188	WhatsApp/2.20.205.13 A
4	2	2	0	0	26850367	0	0	26769369	0	0	34793	Mozilla/5.0 (Windows NT 6.0) AppleWebKit/537.36 (KHTML, like Gecko) Chrome/34.0.1847.116 Safari/537.36
4	10	0	0	5	26860488	0	26864672	26783669	0	26813571	1170070	Googlebot-Image/1.0
4	30	0	0	1	26805178	0	26805178	26805178	0	26805178	394583	Mozilla/5.0 (Windows NT 6.1; Win64; x64) AppleWebKit/537.36 (KHTML, like Gecko) Chrome/85.0.4183.83 Safari/537.36
4	110	3	0	17	26858816	0	26858816	26857177	0	26857177	5438769	Mozilla/5.0 (Macintosh; Intel Mac OS X 10_15_7) AppleWebKit/537.36 (KHTML, like Gecko) Chrome/87.0.4280.141 Safari/537.36
4	192	12	0	62	26763228	0	26763228	26763071	0	26763071	6072506	Mozilla/5.0 (Windows NT 6.1; Win64; x64) AppleWebKit/537.36 (KHTML, like Gecko) Chrome/86.0.4240.198 Safari/537.36
4	10	1	0	5	26789188	0	26789187	26789187	0	26789187	1227755	Mozilla/5.0 (X11; Linux x86_64) AppleWebKit/537.36 (KHTML, like Gecko) Chrome/85.0.4183.101 Safari/537.36
4	30	0	0	1	26771725	0	26771725	26771725	0	26771725	381779	Mozilla/5.0 (iPhone; CPU iPhone OS 14_2 like Mac OS X) AppleWebKit/605.1.15 (KHTML, like Gecko) Version/14.0.1 Mobile/15E148 Safari/604.1
4	97	14	8	11	26865622	26838690	26865622	26764033	26764034	26764033	1571027	Mozilla/5.0 (compatible; YandexBot/3.0; +http://yandex.com/bots)
4	2	2	0	0	26846046	0	0	26808133	0	0	237211	Mozilla/5.0 (compatible; NetcraftSurveyAgent/1.0; +info@netcraft.com)
4	54	1	0	7	26790471	0	26790471	26790471	0	26790471	2674020	Mozilla/5.0 (Windows NT 6.1; Win64; x64) AppleWebKit/537.36 (KHTML, like Gecko) Chrome/87.0.4280.88 Safari/537.36
4	54	1	0	6	26861416	0	26861416	26861416	0	26861416	2674020	Mozilla/5.0 (Windows NT 6.1; Win64; x64) AppleWebKit/537.36 (KHTML, like Gecko) Chrome/87.0.4280.141 Safari/537.36
4	2	1	0	1	26810351	0	26810351	26810351	0	26810351	33713	Mozilla/5.0 (compatible; ips-agent)
4	377	13	0	204	26808110	0	26808110	26794826	0	26794826	13071926	Mozilla/5.0 (Windows NT 10.0; Win64; x64) AppleWebKit/537.36 (KHTML, like Gecko) Chrome/87.0.4280.88 Safari/537.36
4	63	3	0	17	26795410	0	26795410	26794844	0	26794844	3715043	Mozilla/5.0 (Macintosh; Intel Mac OS X 10_15_7) AppleWebKit/537.36 (KHTML, like Gecko) Chrome/87.0.4280.88 Safari/537.36
4	154	4	0	28	26856958	0	26856958	26856938	0	26856938	6122071	Mozilla/5.0 (X11; Ubuntu; Linux x86_64; rv:84.0) Gecko/20100101 Firefox/84.0
4	3	0	0	3	26750441	0	26750443	26750441	0	26750441	924400	Mozilla/5.0 (Linux; Android 6.0; Nexus 5 Build/MRA58N) AppleWebKit/537.36 (KHTML, like Gecko) Chrome/86.0.4240.183 Mobile Safari/537.36
4	1	1	0	53	26831093	0	26831094	26831093	0	26831093	4743	Mozilla/5.0 (X11; Ubuntu; Linux x86_64; rv:62.0) Gecko/20100101 Firefox/62.0
4	1	0	0	0	26804048	0	0	26804048	0	0	1194	WhatsApp/2.20.195.15 A
4	54	1	0	6	26857002	0	26857002	26857002	0	26857002	2693288	Mozilla/5.0 (Macintosh; Intel Mac OS X 11_0_1) AppleWebKit/537.36 (KHTML, like Gecko) Chrome/87.0.4280.141 Safari/537.36
4	12	12	0	0	26868331	0	0	26771845	0	0	0	Mozilla/5.0 (Windows NT 6.1; Win64; x64) AppleWebKit/537.36 (KHTML, like Gecko) Chrome/40.0.2214.85 Safari/537.36
4	642	9	1	68	26784962	26771760	26784962	26770374	26771760	26770374	13932691	Mozilla/5.0 (Windows NT 6.1; Win64; x64) AppleWebKit/537.36 (KHTML, like Gecko) Chrome/87.0.4280.66 Safari/537.36
4	177	10	9	10	26867193	26834273	26869782	26765690	26767140	26783996	2859798	Mozilla/5.0 (compatible; AhrefsBot/7.0; +http://ahrefs.com/robot/)
4	19	0	0	0	26869197	0	0	26864427	0	0	96305	Mozilla/5.0 (Linux; Android 6.0.1; Nexus 5X Build/MMB29P) AppleWebKit/537.36 (KHTML, like Gecko) Chrome/88.0.4324.114 Mobile Safari/537.36 (compatible; Googlebot/2.1; +http://www.google.com/bot.html)
5	1	0	0	0	26848158	0	0	26848158	0	0	16478	54.36.148.165
5	0	0	0	1	0	0	26808262	0	0	26808262	0	54.36.148.164
5	1	1	0	0	26867193	0	0	26867193	0	0	17782	54.36.148.163
5	1	1	0	0	26845137	0	0	26845137	0	0	118143	51.158.109.3
5	1	0	0	0	26806172	0	0	26806172	0	0	15930	54.36.148.162
5	1	0	0	0	26859862	0	0	26859862	0	0	15935	54.36.148.158
5	68	2	0	13	26793447	0	26793447	26793445	0	26793445	2766240	122.162.107.170
5	1	0	0	0	26847968	0	0	26847968	0	0	16480	54.36.148.149
5	0	0	0	1	0	0	26805270	0	0	26805270	0	54.36.148.148
5	8	0	0	1	26771725	0	26771725	26771725	0	26771725	146936	173.252.95.28
5	0	0	0	1	0	0	26860253	0	0	26860253	0	54.36.148.146
5	3	0	0	0	26771725	0	0	26771725	0	0	77622	69.171.251.37
5	9	0	0	0	26771725	0	0	26771725	0	0	100554	173.252.95.25
5	1	0	0	0	26781052	0	0	26781052	0	0	16869	54.36.148.143
5	0	0	0	1	0	0	26864243	0	0	26864243	0	54.36.148.140
5	1	0	0	0	26819905	0	0	26819905	0	0	15929	54.36.148.138
5	609	9	1	66	26772112	26771760	26772112	26771724	26771760	26771724	11531358	122.179.197.154
5	3	0	0	0	26771725	0	0	26771725	0	0	165610	69.171.251.26
5	0	0	0	1	0	0	26855565	0	0	26855565	0	54.36.148.134
5	4	1	0	6	26808110	0	26808110	26808110	0	26808110	311139	47.31.43.197
5	2	0	0	0	26857558	0	0	26766634	0	0	30531	54.36.148.133
5	1	0	0	0	26847110	0	0	26847110	0	0	15955	54.36.148.132
5	4	1	0	6	26848442	0	26848441	26848441	0	26848441	35109	42.111.16.66
5	1	1	0	0	26808133	0	0	26808133	0	0	118579	104.236.6.157
5	1	0	0	0	26851359	0	0	26851359	0	0	174	66.249.66.218
5	2	0	0	0	26771725	0	0	26771725	0	0	97372	69.171.251.19
5	1	0	0	0	26771725	0	0	26771725	0	0	110394	69.171.251.20
5	2	1	0	1	26851358	0	26851105	26851105	0	26851105	32464	66.249.66.216
5	3	0	0	0	26771725	0	0	26771725	0	0	119402	69.171.251.17
5	54	1	0	5	26770374	0	26770374	26770374	0	26770374	2671664	122.180.217.88
5	2	0	0	1	26794253	0	26847251	26781264	0	26847251	32955	54.36.148.125
5	40	6	0	7	26869356	0	26869196	26781473	0	26813011	472418	66.249.66.214
5	1	0	0	0	26771725	0	0	26771725	0	0	21004	69.171.251.15
5	1	0	0	0	26860796	0	0	26860796	0	0	16483	54.36.148.123
5	85	8	0	10	26869197	0	26864672	26792068	0	26813571	1567877	66.249.66.212
5	1	1	0	53	26831093	0	26831094	26831093	0	26831093	4743	154.21.22.111
5	1	0	0	0	26836876	0	0	26836876	0	0	16478	54.36.148.122
5	164	7	0	10	26869197	0	26867657	26781473	0	26791015	1785559	66.249.66.210
5	30	0	0	1	26771933	0	26771933	26771932	0	26771933	394578	202.71.1.4
5	54	1	0	6	26861416	0	26861416	26861416	0	26861416	2674020	223.226.173.255
5	1	1	0	1	26765690	0	26828563	26765690	0	26828563	15439	54.36.148.98
5	0	0	0	1	0	0	26798992	0	0	26798992	0	54.36.148.116
5	0	0	0	1	0	0	26794998	0	0	26794998	0	54.36.148.96
5	2	1	0	0	26838690	0	0	26838688	0	0	34652	213.180.203.45
5	2	0	0	1	26860430	0	26867193	26807412	0	26867193	32423	54.36.148.95
5	0	0	0	1	0	0	26822658	0	0	26822658	0	54.36.148.113
5	0	0	1	0	0	26767244	0	0	26767244	0	0	54.36.148.92
5	54	1	0	7	26784962	0	26784962	26784962	0	26784962	2693291	223.226.191.231
5	1	0	0	1	26780558	0	26859361	26780558	0	26859361	15958	54.36.148.107
5	2	1	0	0	26819349	0	0	26787019	0	0	33729	54.36.148.106
5	1	0	0	0	26771725	0	0	26771725	0	0	1176	173.252.127.116
5	1	0	0	0	26798992	0	0	26798992	0	0	16124	54.36.148.86
5	1	0	0	0	26794642	0	0	26794642	0	0	15927	54.36.148.84
5	58	2	0	6	26794847	0	26794826	26794826	0	26794826	3002273	42.111.27.178
5	1	0	0	0	26805270	0	0	26805270	0	0	16475	54.36.148.102
5	0	0	0	1	0	0	26844075	0	0	26844075	0	54.36.148.79
5	1	0	0	0	26834550	0	0	26834550	0	0	17018	54.36.148.78
5	1	0	0	0	26781473	0	0	26781473	0	0	11446	66.249.66.84
5	1	0	0	0	26781473	0	0	26781473	0	0	1885	66.249.66.83
5	1	1	0	1	26796864	0	26853759	26796864	0	26853759	17785	54.36.148.73
5	1	0	0	0	26838688	0	0	26838688	0	0	1828	213.180.203.22
5	1	0	0	0	26861503	0	0	26861503	0	0	16479	54.36.148.71
5	54	1	0	7	26790471	0	26790471	26790471	0	26790471	2674020	182.69.6.216
5	0	0	0	2	0	0	26860090	0	0	26776166	0	54.36.148.63
5	130	2	0	54	26773931	0	26773931	26773723	0	26773723	3232179	103.95.121.96
5	1	0	0	0	26767449	0	0	26767449	0	0	13581	54.36.148.60
5	0	0	0	1	0	0	26869714	0	0	26869714	0	54.36.148.57
5	1	0	0	0	26835269	0	0	26835269	0	0	16479	54.36.148.56
5	1	0	0	0	26835068	0	0	26835068	0	0	15957	54.36.148.51
5	0	0	0	1	0	0	26771737	0	0	26771737	0	66.220.149.33
5	1	0	0	0	26789257	0	0	26789257	0	0	16123	54.36.148.49
5	12	1	1	1	26842755	26764034	26764037	26764036	26764034	26764037	407576	5.255.231.84
5	1	0	0	0	26838689	0	0	26838689	0	0	16478	5.255.231.83
5	1	0	0	0	26821197	0	0	26821197	0	0	15934	54.36.148.46
5	3	0	0	1	26820514	0	26781052	26793678	0	26781052	48890	54.36.148.45
5	54	1	0	6	26857177	0	26857177	26857177	0	26857177	2710406	27.6.194.153
5	57	1	0	5	26791683	0	26791683	26791683	0	26791683	2691796	103.98.189.176
5	0	0	0	2	0	0	26773600	0	0	26772205	0	54.187.174.169
5	2	2	0	0	26848347	0	0	26799935	0	0	236765	209.17.96.74
5	0	0	0	1	0	0	26772232	0	0	26772232	0	66.220.149.22
5	1	1	0	0	26848055	0	0	26848055	0	0	17782	54.36.149.9
5	0	0	0	1	0	0	26817333	0	0	26817333	0	54.36.148.37
5	1	0	0	0	26766287	0	0	26766287	0	0	13746	54.36.149.8
5	2	0	0	0	26793548	0	0	26780339	0	0	32958	54.36.149.5
5	4	0	0	1	26781473	0	26781408	26781473	0	26781408	35590	66.249.66.132
5	2	0	0	0	26847407	0	0	26820900	0	0	33891	54.36.148.32
5	1	0	0	0	26792583	0	0	26792583	0	0	15946	54.36.149.4
5	10	1	0	1	26783669	0	26770278	26770278	0	26770278	207422	66.249.66.130
5	0	0	0	1	0	0	26815163	0	0	26815163	0	54.36.149.2
5	1	0	0	0	26807965	0	0	26807965	0	0	16479	54.36.148.30
5	38	0	0	1	26781473	0	26783669	26770794	0	26783669	417831	66.249.66.128
5	0	0	1	0	0	26768501	0	0	26768501	0	0	54.36.149.0
5	1	0	0	0	26804681	0	0	26804681	0	0	15958	54.36.148.26
5	0	0	0	1	0	0	26772252	0	0	26772252	0	66.220.149.10
5	68	4	0	15	26817993	0	26817993	26817991	0	26817991	3211043	47.8.171.20
5	1	0	0	0	26864243	0	0	26864243	0	0	17286	54.36.148.24
5	1	1	0	0	26850367	0	0	26850367	0	0	17786	159.65.24.22
5	61	3	0	11	26779581	0	26779549	26779548	0	26779548	2935707	47.30.198.48
5	0	0	0	1	0	0	26796864	0	0	26796864	0	54.36.148.22
5	0	0	1	0	0	26826299	0	0	26826299	0	0	54.36.148.21
5	1	0	0	0	26838693	0	0	26838693	0	0	16122	5.255.231.55
5	2	0	0	0	26848750	0	0	26834809	0	0	32957	54.36.148.20
5	0	0	0	1	0	0	26771735	0	0	26771735	0	173.252.127.21
5	12	0	0	0	26771725	0	0	26771725	0	0	97677	173.252.95.5
5	1	1	0	0	26858779	0	0	26858779	0	0	118587	209.17.96.50
5	0	0	0	1	0	0	26855565	0	0	26855565	0	54.36.148.16
5	0	0	0	1	0	0	26771725	0	0	26771725	0	173.252.127.16
5	1	0	0	1	26815163	0	26767140	26815163	0	26767140	15945	54.36.148.14
5	1	0	0	0	26838688	0	0	26838688	0	0	16479	5.255.231.50
5	1	0	0	1	26860913	0	26826299	26860913	0	26826299	16479	54.36.148.13
5	129	1	0	165	26773801	0	26773801	26773722	0	26773722	2518884	103.95.81.6
5	1	0	0	0	26766317	0	0	26766317	0	0	13405	54.36.148.11
5	65	4	0	25	26774997	0	26774997	26774995	0	26774995	3249439	47.31.235.160
5	56	2	0	11	26858816	0	26858816	26858783	0	26858783	2728363	27.5.23.40
5	1	1	0	0	26857019	0	0	26857019	0	0	118187	209.17.96.26
5	5	2	0	9	26762880	0	26762880	26762879	0	26762879	45678	47.31.48.6
5	54	1	0	6	26773795	0	26773795	26773795	0	26773795	2671669	117.97.242.147
5	2	0	0	0	26838691	0	0	26838688	0	0	31875	213.180.203.122
5	2	0	0	0	26860253	0	0	26847553	0	0	31860	54.36.149.106
5	1	0	0	0	26766776	0	0	26766776	0	0	14616	54.36.149.105
5	1	0	0	0	26838692	0	0	26838692	0	0	16478	213.180.203.118
5	1	1	0	0	26833797	0	0	26833797	0	0	118143	212.83.146.233
5	0	0	0	1	0	0	26806729	0	0	26806729	0	54.36.149.100
5	62	1	0	5	26767464	0	26767394	26767394	0	26767394	3155810	47.30.164.76
5	1	0	0	0	26771725	0	0	26771725	0	0	0	173.252.107.8
5	14	2	0	1	26748921	0	26748919	26748919	0	26748919	13318	47.30.208.226
5	1	0	0	1	26764035	0	26838688	26764035	0	26838688	1070	5.255.253.138
5	1	1	0	0	26839959	0	0	26839959	0	0	118143	51.158.108.77
5	326	29	8	231	26772205	26772075	26772205	26771775	26771776	26771775	4543509	47.30.198.217
5	1	0	0	0	26771725	0	0	26771725	0	0	40808	69.171.251.9
5	12	12	0	0	26868331	0	0	26771845	0	0	0	138.246.253.24
5	184	8	5	168	26773602	26773600	26773602	26773583	26773586	26773583	391167	47.30.192.138
5	1	1	0	1	26858671	0	26858671	26858671	0	26858671	17780	89.187.175.149
5	1	0	0	0	26771725	0	0	26771725	0	0	4724	69.171.251.2
5	22	4	0	2	26844893	0	26844893	26764035	0	26764033	696844	5.45.207.190
5	1	0	1	0	26765413	26838690	0	26765413	26838690	0	140578	5.45.207.98
5	0	0	1	0	0	26838689	0	0	26838689	0	0	5.45.207.187
5	1	0	0	0	26835015	0	0	26835015	0	0	16124	54.36.148.7
5	1	0	0	0	26805600	0	0	26805600	0	0	16868	54.36.148.6
5	0	0	0	1	0	0	26782863	0	0	26782863	0	54.36.148.5
5	0	0	0	1	0	0	26779591	0	0	26779591	0	54.36.148.1
5	1	0	0	0	26838688	0	0	26838688	0	0	16479	5.45.207.180
5	1	0	0	2	26766528	0	26869714	26766528	0	26765690	14098	54.36.148.0
5	1	0	0	1	26838693	0	26838687	26838693	0	26838687	16479	5.45.207.175
5	50	6	5	10	26865622	26764041	26865622	26764033	26764035	26765413	1308250	5.255.253.107
5	192	12	0	62	26763228	0	26763228	26763071	0	26763071	6072506	122.162.201.1
5	2	0	0	0	26838692	0	0	26838688	0	0	32412	5.45.207.82
5	2	1	0	4	26764340	0	26764340	26764340	0	26764340	15646	47.31.173.238
5	1	0	0	0	26838693	0	0	26838693	0	0	15929	5.45.207.69
5	1	1	0	0	26836830	0	0	26836830	0	0	118586	209.17.96.234
5	1	1	0	0	26838689	0	0	26838689	0	0	17782	5.255.231.245
5	54	1	0	6	26766041	0	26766041	26766041	0	26766041	2103992	47.30.157.232
5	119	1	0	9	26770827	0	26770825	26770825	0	26770825	2708977	27.5.27.96
5	1	0	0	0	26771725	0	0	26771725	0	0	1174	173.252.127.6
5	2	1	0	0	26838693	0	0	26838687	0	0	34260	5.45.207.115
5	1	0	0	0	26771725	0	0	26771725	0	0	36612	173.252.95.116
5	551	25	9	233	26761983	26761913	26761983	26750089	26750448	26750089	16772869	122.176.8.222
5	54	1	0	7	26784866	0	26784866	26784866	0	26784866	2674019	47.31.201.157
5	2	0	0	0	26838691	0	0	26838688	0	0	32421	5.45.207.102
5	1	1	0	0	26845636	0	0	26845636	0	0	118587	209.17.96.170
5	1	0	0	0	26838692	0	0	26838692	0	0	17019	5.255.231.200
5	4	1	0	6	26774535	0	26774535	26774535	0	26774535	326008	47.31.7.18
5	1	0	0	0	26838693	0	0	26838693	0	0	16480	5.255.231.179
5	1	1	0	0	26854212	0	0	26854212	0	0	118143	209.17.96.146
5	1	0	0	0	26804048	0	0	26804048	0	0	1194	42.111.2.30
5	1	0	0	0	26838689	0	0	26838689	0	0	16478	5.255.231.166
5	1	1	0	0	26769369	0	0	26769369	0	0	17007	178.62.82.141
5	1	0	0	0	26838688	0	0	26838688	0	0	1070	141.8.142.72
5	1	0	0	0	26838688	0	0	26838688	0	0	16477	5.255.231.141
5	1	0	0	0	26838688	0	0	26838688	0	0	1041	141.8.142.67
5	1	1	0	0	26849631	0	0	26849631	0	0	118142	209.17.96.106
5	2	0	0	0	26838693	0	0	26838689	0	0	32434	5.255.231.129
5	10	1	0	5	26789188	0	26789187	26789187	0	26789187	1227755	47.30.164.177
5	0	0	0	1	0	0	26838688	0	0	26838688	0	5.255.231.118
5	54	1	0	5	26847030	0	26847030	26847030	0	26847030	2674024	47.31.211.40
5	54	1	0	6	26785013	0	26785013	26785013	0	26785013	2693288	103.13.105.49
5	7	1	0	1	26767905	0	26767661	26767661	0	26767661	141784	66.249.65.22
5	1	0	0	0	26862223	0	0	26862223	0	0	16873	54.36.149.98
5	3	0	0	0	26771725	0	0	26771725	0	0	188630	69.171.251.116
5	12	0	0	0	26767905	0	0	26767662	0	0	59192	66.249.65.20
5	0	0	0	1	0	0	26787019	0	0	26787019	0	54.36.149.96
5	13	0	0	0	26767905	0	0	26767661	0	0	115492	66.249.65.18
5	1	0	0	0	26838688	0	0	26838688	0	0	16872	5.255.231.106
5	0	0	0	2	0	0	26833077	0	0	26789257	0	54.36.149.94
5	1	0	0	1	26861312	0	26864706	26861312	0	26864706	15934	54.36.149.93
5	1	0	0	0	26816186	0	0	26816186	0	0	15957	54.36.149.89
5	0	0	0	1	0	0	26772386	0	0	26772386	0	66.220.149.9
5	0	0	0	1	0	0	26772256	0	0	26772256	0	66.220.149.8
5	1	0	0	0	26792912	0	0	26792912	0	0	16477	54.36.149.85
5	0	0	1	0	0	26767189	0	0	26767189	0	0	54.36.149.84
5	0	0	0	1	0	0	26771749	0	0	26771749	0	66.220.149.5
5	30	0	0	2	26777890	0	26777890	26777890	0	26777890	381922	47.31.158.76
5	210	5	0	35	26856958	0	26856958	26856938	0	26856938	8813367	49.36.168.39
5	0	0	0	1	0	0	26771725	0	0	26771725	0	66.220.149.3
5	0	0	0	1	0	0	26772102	0	0	26772102	0	66.220.149.1
5	60	0	0	2	26771750	0	26771750	26771749	0	26771749	395966	120.89.102.248
5	0	0	0	1	0	0	26862022	0	0	26862022	0	54.36.149.74
5	1	0	0	0	26766466	0	0	26766466	0	0	13472	54.36.149.73
5	4	2	0	10	26768772	0	26768772	26768771	0	26768771	31191	47.30.132.15
5	1	0	0	1	26858763	0	26803649	26858763	0	26803649	16475	54.36.149.69
5	2	1	0	4	26765760	0	26765760	26765760	0	26765760	15599	47.30.176.36
5	24	3	0	8	26763676	0	26763676	26763676	0	26763676	127265	47.31.172.12
5	1	0	0	0	26792982	0	0	26792982	0	0	16479	54.36.149.64
5	8	3	0	16	26777441	0	26777441	26777441	0	26777441	70148	47.30.215.17
5	107	2	0	5	26813998	0	26813996	26813996	0	26813996	3342954	1.38.52.135
5	34	2	0	6	26802443	0	26802443	26802443	0	26802443	2424534	42.111.0.198
5	1	1	0	0	26776166	0	0	26776166	0	0	15380	54.36.149.56
5	1	0	0	0	26834968	0	0	26834968	0	0	15931	54.36.149.50
5	2	1	0	1	26810351	0	26810351	26810351	0	26810351	33713	72.13.62.25
5	0	0	0	1	0	0	26772206	0	0	26772206	0	54.187.216.72
5	1	0	0	0	26845713	0	0	26845713	0	0	16478	54.36.149.47
5	1	0	0	0	26792302	0	0	26792302	0	0	16481	54.36.149.43
5	0	0	0	1	0	0	26853759	0	0	26853759	0	54.36.149.42
5	4	2	0	0	26775100	0	0	26775082	0	0	31262	47.30.171.77
5	1	0	0	0	26771725	0	0	26771725	0	0	0	173.252.107.117
5	1	0	0	0	26844075	0	0	26844075	0	0	16924	54.36.149.41
5	0	0	0	1	0	0	26858763	0	0	26858763	0	54.36.149.39
5	3	0	0	0	26817333	0	0	26766498	0	0	46525	54.36.149.36
5	1	0	0	1	26766375	0	26860016	26766375	0	26860016	13564	54.36.149.35
5	2	0	0	0	26849989	0	0	26780278	0	0	33759	54.36.149.33
5	0	0	0	1	0	0	26841803	0	0	26841803	0	66.249.70.118
5	54	1	0	6	26861460	0	26861460	26861460	0	26861460	2674017	122.180.178.229
5	1	0	0	0	26766346	0	0	26766346	0	0	14988	54.36.149.30
5	1	0	0	0	26818570	0	0	26818570	0	0	16871	54.36.149.28
5	8	0	0	0	26841834	0	0	26840034	0	0	47873	66.249.70.116
5	1	1	0	0	26843372	0	0	26843372	0	0	118143	209.17.97.114
5	16	0	0	1	26841834	0	26840034	26840034	0	26840034	176345	66.249.70.114
5	1	0	0	0	26782061	0	0	26782061	0	0	15934	54.36.149.24
5	1	0	0	1	26766936	0	26836360	26766936	0	26836360	14489	54.36.149.23
5	1	0	0	0	26808262	0	0	26808262	0	0	15933	54.36.149.22
5	1	1	0	0	26852708	0	0	26852708	0	0	118592	209.17.97.106
5	1	0	0	0	26780217	0	0	26780217	0	0	16871	54.36.149.19
5	5	1	0	0	26847901	0	0	26847901	0	0	468836	47.31.213.38
5	3	1	0	0	26765240	0	0	26765240	0	0	47331	154.12.162.18
5	2	0	0	0	26833583	0	0	26822658	0	0	33763	54.36.149.16
5	0	0	1	2	0	26767719	26848750	0	26767719	26845713	0	54.36.149.15
5	1	0	0	0	26780636	0	0	26780636	0	0	15945	54.36.149.13
5	0	0	0	1	0	0	26857263	0	0	26857263	0	54.36.149.12
5	30	0	0	1	26805178	0	26805178	26805178	0	26805178	394583	49.44.86.233
5	154	5	0	150	26804063	0	26804063	26804050	0	26804050	3546529	45.250.212.184
5	54	1	0	6	26779548	0	26779548	26779548	0	26779548	2651477	47.8.116.94
5	19	3	0	15	26815510	0	26815510	26815462	0	26815462	1726868	42.111.14.198
5	5	0	0	1	26795410	0	26795410	26795410	0	26795410	968734	103.95.122.116
5	1	0	0	0	26771725	0	0	26771725	0	0	1176	173.252.107.17
5	1	0	0	0	26820116	0	0	26820116	0	0	16480	54.36.148.255
5	54	1	0	6	26782128	0	26782128	26782128	0	26782128	2732946	45.248.2.2
5	1	0	0	0	26862022	0	0	26862022	0	0	16480	54.36.148.254
5	68	3	0	17	26857186	0	26857186	26857174	0	26857174	3213326	14.99.192.50
5	1	0	0	0	26860342	0	0	26860342	0	0	16477	54.36.148.250
5	1	0	0	0	26766595	0	0	26766595	0	0	14558	54.36.148.247
5	71	2	0	12	26767411	0	26767411	26767392	0	26767392	3215761	110.225.90.201
5	1	0	0	2	26805042	0	26805043	26805042	0	26805042	1077	47.30.128.5
5	54	1	0	6	26857002	0	26857002	26857002	0	26857002	2693288	157.33.200.116
5	2	1	1	0	26775138	26775138	0	26775138	26775138	0	16533	47.30.128.66
5	0	0	1	0	0	26767587	0	0	26767587	0	0	54.36.148.240
5	1	0	0	0	26794376	0	0	26794376	0	0	17283	54.36.148.238
5	2	0	0	0	26835960	0	0	26781477	0	0	33760	54.36.148.237
5	1	1	0	0	26846046	0	0	26846046	0	0	118632	161.35.130.41
5	0	0	1	0	0	26834273	0	0	26834273	0	0	54.36.148.233
5	1	0	0	0	26818014	0	0	26818014	0	0	16480	54.36.148.231
5	1	0	0	0	26780100	0	0	26780100	0	0	16480	54.36.148.230
5	70	1	0	23	26802119	0	26802119	26802115	0	26802115	1094402	47.30.183.110
5	1	0	0	0	26848504	0	0	26848504	0	0	16478	54.36.148.228
5	1	0	0	0	26819958	0	0	26819958	0	0	16873	54.36.148.227
5	1	0	0	0	26766438	0	0	26766438	0	0	13554	54.36.148.226
5	0	0	0	1	0	0	26831324	0	0	26831324	0	54.36.148.222
5	37	3	1	2	26860556	26831324	26869782	26807527	26831324	26858632	610997	54.36.148.218
5	1	0	0	1	26793168	0	26818976	26793168	0	26818976	16477	54.36.148.217
5	1	1	0	0	26835410	0	0	26835410	0	0	17782	54.36.148.216
5	31	0	0	1	26807003	0	26783996	26766403	0	26783996	489516	54.36.148.214
5	1	0	0	0	26828563	0	0	26828563	0	0	15944	54.36.148.212
5	54	1	0	5	26794844	0	26794844	26794844	0	26794844	2674017	203.81.241.6
5	1	0	0	0	26841267	0	0	26841267	0	0	15945	54.36.148.209
5	0	0	0	1	0	0	26841267	0	0	26841267	0	54.36.148.199
5	0	0	1	0	0	26767140	0	0	26767140	0	0	54.36.148.207
5	1	0	0	0	26847638	0	0	26847638	0	0	16481	54.36.148.197
5	1	0	0	0	26803649	0	0	26803649	0	0	13560	54.36.148.204
5	1	0	0	0	26821570	0	0	26821570	0	0	16477	54.36.148.194
5	0	0	0	1	0	0	26820514	0	0	26820514	0	54.36.148.193
5	1	0	0	0	26807675	0	0	26807675	0	0	16479	54.36.148.203
5	2	1	0	6	26803975	0	26803975	26803975	0	26803975	17955	42.111.35.12
5	86	2	1	37	26771789	26771789	26771790	26771775	26771789	26771775	2113013	110.225.90.98
5	4	0	0	0	26761755	0	0	26761755	0	0	981516	51.210.156.16
5	2	0	0	0	26820199	0	0	26791965	0	0	32426	54.36.148.184
5	1	0	0	0	26780969	0	0	26780969	0	0	16482	54.36.148.181
5	1	0	0	2	26846641	0	26793548	26846641	0	26791965	17019	54.36.148.178
5	1	0	0	0	26846941	0	0	26846941	0	0	16476	54.36.148.176
5	1	0	0	0	26835175	0	0	26835175	0	0	16873	54.36.148.175
5	58	3	0	16	26794860	0	26794860	26794844	0	26794844	2746309	42.111.38.166
5	0	0	0	1	0	0	26834550	0	0	26834550	0	54.36.148.170
5	1	0	0	0	26809562	0	0	26809562	0	0	15934	54.36.148.169
z	0	49	12	26868331	0
z	1	359	1	26815510	1771
z	2	334	0	26856940	8191
z	3	551	10	26869197	239837
z	4	1904	1	26869197	6288243
z	5	1802	214	26869356	45837155
z	6	416	15	26861460	60315820
z	7	44	0	26861460	51026932
c	200	5429	26869356
c	206	30	26815510
c	303	18	26773600
c	307	24	26838690
c	400	8	26856939
c	403	5	26774997
c	404	1723	26869782
c	500	10	26856939
