CACHE type 5 produced by analog 6.0/Unix. Do not modify or delete!
T	0	0	31142	34	26	2606	59558470
D	26657233	26866991
18511	278	234	2	5790410
18511	279	219	1	179729
18511	280	231	1	237150
18511	281	159	0	248505
18511	282	15	1	58468
18512	130	1	0	12993
18512	147	180	1	264131
18512	148	306	1	436749
18512	149	202	0	286956
18512	166	153	1	3093770
18512	167	129	1	1305936
18512	168	2	0	16385
18512	169	3	0	16799
18512	174	9	1	74704
18512	175	27	0	54474
18512	187	177	1	240811
18512	188	240	0	299760
18512	189	240	0	299760
18512	190	240	0	299760
18512	191	240	0	299760
18512	192	240	0	299760
18512	193	240	0	299760
18512	194	240	0	299760
18512	195	240	0	299760
18512	196	240	0	299760
18512	197	240	0	299760
18512	198	240	0	299760
18512	199	240	0	299760
18512	200	240	0	299760
18512	201	240	0	299760
18512	202	240	0	299760
18512	203	240	0	299760
18512	204	240	0	299760
18512	205	240	0	299760
18512	206	240	0	299760
18512	207	26	0	32474
18512	208	32	0	39968
18512	209	240	0	299760
18512	210	240	0	299760
18512	211	240	0	299760
18512	212	242	0	301009
18512	213	240	0	299760
18512	214	240	0	299760
18512	215	240	0	299760
18512	216	48	0	59952
18512	231	164	1	4316796
18512	238	88	0	109912
18512	239	269	0	330985
18512	240	243	0	303507
18512	241	249	0	311001
18512	242	240	0	299760
18512	243	240	0	299760
18512	244	250	0	308503
18512	245	240	0	299760
18512	246	235	0	293515
18512	247	240	0	299760
18512	248	240	0	299760
18512	249	240	0	299760
18512	250	240	0	299760
18512	251	240	0	299760
18512	252	240	0	299760
18512	253	237	0	296013
18512	254	228	0	284772
18512	255	268	0	334732
18512	256	241	0	301009
18512	257	224	0	279776
18512	258	273	0	338479
18512	259	249	0	308503
18512	260	240	0	299760
18512	261	251	0	309752
18512	262	240	0	299760
18512	263	240	0	299760
18512	264	233	0	291017
18512	265	240	0	299760
18512	266	240	0	299760
18512	267	240	0	299760
18512	268	20	0	24980
18513	173	24	1	49673
18513	174	241	0	312274
18513	175	237	0	291104
18513	176	240	0	279840
18513	177	240	0	279840
18513	178	240	0	279840
18513	179	237	0	275275
18513	180	240	0	279840
18513	181	241	0	281006
18513	182	240	0	279840
18513	183	240	0	279840
18513	184	240	0	279840
18513	185	240	0	279840
18513	186	240	0	279840
18513	187	240	0	279840
18513	188	240	0	279840
18513	189	5	0	5830
18513	191	229	0	267014
18513	192	239	0	278674
18513	193	240	0	279840
18513	194	240	0	279840
18513	195	17	1	318856
18513	226	2	1	18528
18513	227	212	0	1689768
18513	251	24	1	360058
18513	252	170	1	227785
18513	253	236	0	285417
18513	254	240	0	299280
18513	255	240	0	299280
18513	256	240	0	299280
18513	257	240	0	299280
18513	258	240	0	299280
18513	259	167	0	208249
18513	260	186	6	1873517
18513	261	270	2	468711
18513	262	857	3	5681214
18513	263	735	0	59621
18513	264	724	0	17143
18513	265	720	0	720
18513	266	732	0	54469
18513	267	360	0	360
18513	268	212	0	212
18515	178	49	3	94387
18515	179	126	1	2878648
18515	180	141	0	46797
18515	181	446	1	1128607
18515	182	240	0	274320
18515	183	240	0	274320
18515	184	240	0	274320
18515	185	238	0	272034
18515	186	242	0	276606
18515	187	240	0	274320
18515	188	240	0	274320
18515	189	240	0	274320
18515	190	240	0	274320
18515	191	240	0	274320
18515	192	240	0	274320
18515	193	240	0	274320
18515	194	240	0	274320
18515	195	140	0	160020
18515	212	1	0	12994
18516	112	1	0	24
18516	246	1	0	24
18517	155	1	1	0
18525	142	1	0	12995
18579	136	1	0	12991
1	7	0	0	0	26662495	0	0	26657234	0	0	274915	/assets/images/sliders/156422490902.jpg
1	21	0	0	1	26662495	0	26658111	26657248	0	26658111	232840	/user/login
1	1	0	0	0	26660024	0	0	26660024	0	0	4267	/assets/front/css/styles.php?color=0f78f2&header_color=ffffff&footer_color=143250&copyright_color=02020c&menu_color=ff5500&menu_hover_color=02020c
1	8	0	0	0	26662495	0	0	26657234	0	0	1285912	/assets/images/sliders/1564224870012.jpg
1	7	0	0	0	26662495	0	0	26657234	0	0	9877	/assets/images/categories/1557807214sports.png
1	9	0	0	0	26662496	0	0	26657234	0	0	35253	/assets/images/capcha_code.png
1	6	0	0	0	26662495	0	0	26657234	0	0	59845	/assets/images/thumbnails/1568026368CzWwfWLG.jpg
1	4	0	0	0	26660024	0	0	26657234	0	0	61684	/assets/images/partner/1563165444brand-3.png
1	5	0	0	0	26662505	0	0	26657233	0	0	56895	/assets/admin/css/fontawesome.css
1	1	0	0	0	26660028	0	0	26660028	0	0	0	/admin/general-settings/email-verify/1
1	6	0	0	0	26662495	0	0	26657234	0	0	70085	/assets/images/thumbnails/1568026326vMlslLz4.jpg
1	0	0	0	1	0	0	26832667	0	0	26832667	0	/demo/rss/catalog/notifystock
1	2	0	0	0	26657242	0	0	26657242	0	0	110	/admin/profile/update
1	5	0	0	0	26662505	0	0	26657233	0	0	37980	/assets/admin/css/style.css
1	12	0	0	0	26662496	0	0	26657234	0	0	712932	/assets/front/js/plugin.js
1	1215	0	0	1	26662508	0	26657234	26657234	0	26657234	2395	/admin/product/notf/count
1	6	0	0	0	26660033	0	0	26657234	0	0	63756	/assets/images/thumbnails/1568027591b1oUIo7Q.jpg
1	1	0	0	0	26657240	0	0	26657240	0	0	13380	/assets/images/1567655174profile.jpg
1	1	0	0	0	26662495	0	0	26662495	0	0	645604	/assets/front/fonts/icofont.woff
1	6	0	0	0	26662505	0	0	26657233	0	0	3540	/assets/admin/js/custom.js
1	6	0	0	0	26660027	0	0	26657234	0	0	139643	/assets/images/partner/1563165383brand-2.png
1	1	0	0	0	26658438	0	0	26658438	0	0	19823	/category/fashion-and-Beauty
1	7	0	0	0	26660033	0	0	26657234	0	0	896297	/assets/images/banners/1564398571side-triple1.jpg
1	6	0	0	0	26662508	0	0	26657233	0	0	1116	/admin/user/notf/show
1	5	0	0	0	26662505	0	0	26657233	0	0	76955	/assets/admin/css/icofont.min.css
1	13	0	0	0	26662496	0	0	26657234	0	0	710922	/assets/front/jquery-ui/jquery-ui.min.js
1	6	0	0	0	26662495	0	0	26657234	0	0	20910	/assets/front/css/custom.css
1	1	0	0	0	26662490	0	0	26662490	0	0	1740	/assets/front/js/mainextra.js?_=1599643210654
1	5	0	0	0	26660033	0	0	26657234	0	0	66105	/assets/images/thumbnails/1568026820j7QX4FZs.jpg
1	4	0	0	0	26660024	0	0	26657234	0	0	4360	/assets/images/services/1561348147service4.png
1	1	0	0	0	26658438	0	0	26658438	0	0	8332	/assets/images/thumbnails/1570877286o4pUSqMY.jpg
1	12	0	0	0	26662496	0	0	26657234	0	0	74722	/assets/front/js/popper.min.js
1	7	0	0	0	26662495	0	0	26657234	0	0	36010	/assets/images/categories/1568709131f6.jpg
1	5	0	0	0	26660033	0	0	26657234	0	0	69150	/assets/images/thumbnails/1568026730uz1TS02K.jpg
1	0	0	0	1	0	0	26832670	0	0	26832670	0	/magento/rss/catalog/review
1	0	0	0	2	0	0	26657247	0	0	26657235	0	/admin/register
1	8	0	0	0	26662495	0	0	26657234	0	0	20650	/assets/images/categories/1557807279fashion.png
1	1	0	0	0	26658344	0	0	26658344	0	0	1249	/admin/login?120.89.102.152
1	6	0	0	0	26660033	0	0	26657234	0	0	50500	/assets/images/thumbnails/15680254230iXcasMb.jpg
1	5	0	0	0	26660033	0	0	26657234	0	0	258735	/assets/images/banners/1568889164bottom1.jpg
1	1	0	0	0	26660026	0	0	26660026	0	0	4496	/admin/general-settings/footer
1	1	0	0	0	26660028	0	0	26660028	0	0	5847	/admin/general-settings/contents
1	1	0	0	0	26659696	0	0	26659696	0	0	36592	/assets/images/galleries/1568026307jvCscHth.jpg
1	7	0	0	0	26662495	0	0	26657234	0	0	32760	/assets/images/categories/1568709067f3.jpg
1	5	0	0	0	26662505	0	0	26657233	0	0	18665	/assets/admin/css/custom.css
1	1	0	0	0	26658438	0	0	26658438	0	0	11724	/assets/images/thumbnails/1570876207Ri9VVzRq.jpg
1	7	0	0	0	26662495	0	0	26657234	0	0	40278	/assets/images/categories/1568709077f7.jpg
1	1	0	0	0	26658438	0	0	26658438	0	0	8332	/assets/images/thumbnails/1570877128HKed4vMT.jpg
1	6	0	0	0	26662505	0	0	26657233	0	0	31908	/assets/admin/js/tag-it.js
1	8	0	0	0	26662495	0	0	26657234	0	0	16216	/assets/front/js/toastr.js
1	3	0	0	0	26658111	0	0	26657234	0	0	11646	/assets/front/css/styles.php?color=232f3e&header_color=ffffff&footer_color=232f3e&copyright_color=02020c&menu_color=ff5500&menu_hover_color=02020c
1	6	0	0	0	26662505	0	0	26657233	0	0	36984	/assets/admin/js/bootstrap-colorpicker.min.js
1	17293	0	1	129	26662509	26660030	26713873	26657233	26660030	26658027	21612017	/admin/login
1	0	0	0	1	0	0	26832672	0	0	26832672	0	/store/downloader/index.php
1	1	0	0	0	26660033	0	0	26660033	0	0	1740	/assets/front/js/mainextra.js?_=1599495789270
1	21	0	0	0	26662508	0	0	26657234	0	0	98279	/extras
1	8	0	0	0	26662495	0	0	26657234	0	0	251377	/assets/images/blogs/15542700251-min.jpg
1	7	0	0	0	26660033	0	0	26657234	0	0	719012	/assets/images/banners/1564398600side-triple3.jpg
1	6	0	0	0	26662495	0	0	26657235	0	0	64604	/assets/images/1567488562subscribe.jpg
1	7	0	0	0	26660033	0	0	26657234	0	0	73181	/assets/images/thumbnails/1568026881yy7vilmh.jpg
1	7	0	0	0	26662495	0	0	26657234	0	0	40284	/assets/images/categories/1568709577f8.jpg
1	6	0	0	0	26660033	0	0	26657234	0	0	40935	/assets/images/thumbnails/1568027717gm0tFzeb.jpg
1	7	0	0	0	26662495	0	0	26657234	0	0	6678	/assets/images/categories/1568708757home.png
1	6	0	0	0	26662495	0	0	26657234	0	0	41580	/assets/images/thumbnails/1568026404Hm4kTmnP.jpg
1	1	0	0	0	26659589	0	0	26659589	0	0	1740	/assets/front/js/mainextra.js?_=1599469164898
1	6	0	0	0	26662495	0	0	26657234	0	0	89232	/assets/front/fonts/fa-regular-400.woff2
1	1	0	0	0	26660035	0	0	26660035	0	0	4378	/assets/images/capcha_code.png?time=0.3490969218988622
1	1	1	0	0	26660023	0	0	26660023	0	0	1906	/install/?step=4
1	4	0	0	0	26660033	0	0	26657234	0	0	46448	/assets/images/thumbnails/1568025845bvB0Q0RE.jpg
1	6	0	0	0	26662505	0	0	26657233	0	0	88764	/assets/admin/js/vendors/bootstrap.min.js
1	1	1	0	0	26660022	0	0	26660022	0	0	2069	/install/?step=3
1	1	0	0	0	26659696	0	0	26659696	0	0	21630	/item/physical-product-title-title-will-be-here-102-pr607jsv
1	1	1	0	0	26660021	0	0	26660021	0	0	2256	/install/?step=2
1	1	0	0	0	26664271	0	0	26664271	0	0	24	/robots.txt?2401:4900:385c:7504:7001:3d3b:37b9:e05
1	1	0	0	0	26658438	0	0	26658438	0	0	10810	/assets/images/thumbnails/1570876503XgLFnuQi.jpg
1	0	0	4	0	0	26662508	0	0	26657234	0	0	/admin/logout
1	3	0	0	0	26660033	0	0	26657233	0	0	168702	/assets/admin/js/jquery.canvasjs.min.js
1	1	0	0	0	26657240	0	0	26657240	0	0	5032	/admin/user/29/show
1	4	0	0	0	26660024	0	0	26657234	0	0	3040	/assets/images/services/1561348138service2.png
1	5	0	0	0	26662505	0	0	26657233	0	0	8590	/assets/admin/plugins/fullside-menu/css/dark-side-style.css
1	7	0	0	0	26660033	0	0	26657234	0	0	710157	/assets/images/banners/1564398579side-triple2.jpg
1	1	0	0	0	26657239	0	0	26657239	0	0	4310	/admin/password
1	9	0	0	0	26662495	0	0	26657234	0	0	597237	/assets/images/banners/1568889146top1.jpg
1	6	0	0	0	26662495	0	0	26657234	0	0	17214	/assets/front/css/common.css
1	4	0	0	0	26660024	0	0	26657234	0	0	3044	/assets/images/services/1561348133service1.png
1	7	0	0	0	26662495	0	0	26657234	0	0	38724	/assets/images/categories/1568709027f12.jpg
1	0	0	0	2	0	0	26676709	0	0	26674466	0	/admin?2401:4900:385c:7504:7001:3d3b:37b9:e05
1	7	0	0	0	26662495	0	0	26657234	0	0	31356	/assets/images/categories/1568709037f10.jpg
1	1	0	0	0	26659696	0	0	26659696	0	0	59345	/assets/images/galleries/1568026307THs0VQQU.jpg
1	1	0	0	0	26659696	0	0	26659696	0	0	1740	/assets/front/js/mainextra.js?_=1599475564134
1	1	0	0	0	26657235	0	0	26657235	0	0	48808	/assets/images/1566878455404.png
1	7	0	0	0	26660033	0	0	26657234	0	0	293695	/assets/images/1568889138banner1.jpg
1	7	0	0	0	26662496	0	0	26660027	0	0	31818	/assets/images/1599495366TAntaaa.png
1	2	0	0	0	26662502	0	0	26660026	0	0	55826	/assets/images/1564224329loading3.gif
1	8	0	0	0	26662495	0	0	26657234	0	0	8638	/assets/images/categories/1557807287light.png
1	6	0	0	0	26662505	0	0	26657233	0	0	63852	/assets/admin/js/nicEdit.js
1	2	0	0	2	26663600	0	26678504	26658435	0	26678504	48	/robots.txt
1	5	0	0	0	26662505	0	0	26657233	0	0	4620	/assets/admin/css/responsive.css
1	6	0	0	0	26662505	0	0	26657233	0	0	14796	/assets/admin/plugins/fullside-menu/waves.min.js
1	1	0	0	0	26660023	0	0	26660023	0	0	11	/install/run_install.php
1	6	0	0	0	26660027	0	0	26657234	0	0	143739	/assets/images/partner/1563165411brand-2.png
1	3	0	0	0	26660033	0	0	26657233	0	0	2499	/assets/admin/css/common.css
1	11	0	0	0	26662496	0	0	26657234	0	0	141374	/assets/front/js/bootstrap.min.js
1	1	0	0	0	26658216	0	0	26658216	0	0	1740	/assets/front/js/mainextra.js?_=1599386767728
1	1	0	0	0	26659696	0	0	26659696	0	0	58548	/assets/images/products/1568026301A6SNpEFR.png
1	1	0	0	0	26658438	0	0	26658438	0	0	13139	/assets/images/thumbnails/1570876281Wt1wdK8O.jpg
1	2	0	0	0	26660053	0	0	26660052	0	0	8000	/admin/products/types
1	1	0	0	0	26659696	0	0	26659696	0	0	597	/carts/view
1	7	0	0	0	26662495	0	0	26657234	0	0	10612	/assets/images/categories/1557807208bags.png
1	8	0	0	0	26662495	0	0	26657234	0	0	23368	/assets/front/js/main.js
1	2	0	0	0	26660053	0	0	26660053	0	0	19942	/assets/admin/js/jquery.Jcrop.js
1	1215	0	0	1	26662508	0	26657234	26657234	0	26657234	2394	/admin/conv/notf/count
1	6	0	0	0	26660033	0	0	26657234	0	0	69690	/assets/images/thumbnails/1568027517LGq90luX.jpg
1	2	0	0	0	26659696	0	0	26658438	0	0	10952	/assets/images/thumbnails/1568027751AidGUyJv.jpg
1	14	0	0	0	26662505	0	0	26660026	0	0	392	/admin/general-settings/update/all
1	0	0	1	0	0	26832662	0	0	26832662	0	0	/shop/index.php/admin/?2401:4900:385c:7504:7001:3d3b:37b9:e05
1	6	0	0	0	26662505	0	0	26657233	0	0	360066	/assets/admin/js/plugin.js
1	0	0	0	1	0	0	26832662	0	0	26832662	0	/shop/index.php/admin
1	1	0	0	0	26658438	0	0	26658438	0	0	11724	/assets/images/thumbnails/15708759789N9Hm1QJ.jpg
1	5	0	0	0	26660033	0	0	26657234	0	0	63970	/assets/images/thumbnails/1568025683ZYvDAf0q.jpg
1	6	0	0	0	26662496	0	0	26660024	0	0	6336	/assets/images/1571567283favicon.png
1	1	0	0	0	26660035	0	0	26660035	0	0	4205	/assets/images/capcha_code.png?time=0.47717830441611575
1	6	0	0	0	26662495	0	0	26660027	0	0	26515	/assets/images/1599495364TAntaaa.png
1	6	0	0	0	26662495	0	0	26657234	0	0	162875	/assets/images/thumbnails/1570876547rJBVu8AQ.jpg
1	3	0	0	0	26660033	0	0	26657233	0	0	219746	/assets/admin/js/vendors/vue.js
1	6	0	0	0	26662495	0	0	26657234	0	0	27702	/assets/front/jquery-ui/jquery-ui.structure.min.css
1	5	0	0	0	26660033	0	0	26657234	0	0	50975	/assets/images/thumbnails/1568029152PVeSE2Ct.jpg
1	7	0	0	0	26662495	0	0	26657234	0	0	10731	/assets/images/categories/1557807252furniture.png
1	6	0	0	0	26662495	0	0	26657234	0	0	149838	/assets/front/css/style.css
1	6	0	0	0	26662495	0	0	26657234	0	0	53990	/assets/images/thumbnails/1568026301VLkmQEpb.jpg
1	1	0	0	0	26660028	0	0	26660028	0	0	0	/admin/general-settings/security/1
1	4	0	0	0	26662490	0	0	26660024	0	0	14853	/assets/images/admins/1556780563user.png
1	15	0	0	0	26662496	0	0	26658122	0	0	114659	/user/forgot
1	8	0	0	0	26662495	0	0	26657234	0	0	237364	/assets/images/blogs/15542698954-min.jpg
1	5	0	0	0	26662505	0	0	26657233	0	0	2100	/assets/admin/css/jquery.tagit.css
1	7	0	0	0	26662495	0	0	26657234	0	0	21070	/assets/front/css/toastr.css
1	0	0	0	1	0	0	26832665	0	0	26832665	0	/dev/rss/order/new
1	7	0	0	0	26662495	0	0	26657234	0	0	11263	/assets/images/categories/1557807228trends.png
1	4	0	0	0	26662502	0	0	26660031	0	0	18259	/admin/email-config
1	0	0	1	0	0	26660023	0	0	26660023	0	0	/finalize
1	7	0	0	0	26660033	0	0	26657234	0	0	300198	/assets/images/1568889138banner2.jpg
1	6	0	0	0	26662505	0	0	26657233	0	0	26172	/assets/admin/js/myscript.js
1	1	0	0	0	26657234	0	0	26657234	0	0	117	/admin/conv/notf/show
1	1	0	0	0	26657249	0	0	26657249	0	0	4215	/assets/images/capcha_code.png?time=0.9457374681770649
1	8	0	0	0	26662495	0	0	26657234	0	0	251377	/assets/images/blogs/15557542831-min.jpg
1	1	0	0	0	26754443	0	0	26754443	0	0	12991	/cpanel?2401:4900:385c:7504:7001:3d3b:37b9:e05
1	1215	0	0	1	26662508	0	26657234	26657234	0	26657234	2395	/admin/order/notf/count
1	3	0	0	0	26660033	0	0	26657233	0	0	337770	/assets/images/products/1570876547aaQJLAun.png
1	1	0	0	0	26657239	0	0	26657239	0	0	1740	/assets/front/js/mainextra.js?_=1599328193436
1	1	0	0	0	26657241	0	0	26657241	0	0	4502	/admin/profile
1	1	0	0	0	26660021	0	0	26660021	0	0	2224	/install/assets/css/style.css
1	3	0	0	0	26660033	0	0	26657233	0	0	25116	/assets/admin/js/notify.js
1	6	0	0	0	26660033	0	0	26657234	0	0	67710	/assets/images/thumbnails/1568027543P8eoamtf.jpg
1	1	0	0	0	26658438	0	0	26658438	0	0	11724	/assets/images/thumbnails/157087619598Nfs52R.jpg
1	0	0	0	38	0	0	26659981	0	0	26657234	0	/assets/images/1599041893TAntaaa.png
1	1	1	0	0	26660023	0	0	26660023	0	0	1917	/install/?step=completed
1	1	0	0	0	26662491	0	0	26662491	0	0	1740	/assets/front/js/mainextra.js?_=1599643294243
1	1	0	0	0	26660026	0	0	26660026	0	0	0	/admin/general-settings/loader/0
1	7	0	0	0	26662495	0	0	26657234	0	0	10612	/assets/images/categories/1557377917bags.png
1	5	0	0	0	26660033	0	0	26657234	0	0	67120	/assets/images/thumbnails/1568029203eAzBjS8a.jpg
1	1	0	0	0	26660024	0	0	26660024	0	0	3370	/assets/images/1571567292logo.png
1	1	0	0	0	26659696	0	0	26659696	0	0	45371	/assets/images/galleries/1568026307Z3at0HEM.jpg
1	3	0	0	0	26660024	0	0	26657233	0	0	111540	/assets/images/products/1570877286SxUGZME4.jpg
1	1	0	0	0	26660026	0	0	26660026	0	0	0	/admin/general-settings/admin/loader/0
1	0	0	0	1	0	0	26658029	0	0	26658029	0	/index.php
1	0	0	0	2	0	0	26832673	0	0	26832673	0	/magento/downloader/index.php?2401:4900:385c:7504:7001:3d3b:37b9:e05
1	2	0	0	0	26660053	0	0	26660053	0	0	658	/assets/admin/css/Jcrop-style.css
1	1	0	0	0	26660030	0	0	26660030	0	0	1740	/assets/front/js/mainextra.js?_=1599495616843
1	5	0	0	0	26660033	0	0	26657234	0	0	67815	/assets/images/thumbnails/1568026853ZnMf5AkF.jpg
1	1	0	0	0	26662502	0	0	26662502	0	0	2675	/admin/email-templates/datatables?draw=1&columns[0][data]=email_type&columns[0][name]=email_type&columns[0][searchable]=true&columns[0][orderable]=false&columns[0][search][value]=&columns[0][search][regex]=false&columns[1][data]=email_subject&columns[1][name]=email_subject&columns[1][searchable]=true&columns[1][orderable]=false&columns[1][search][value]=&columns[1][search][regex]=false&columns[2][data]=action&columns[2][name]=&columns[2][searchable]=false&columns[2][orderable]=false&columns[2][search][value]=&columns[2][search][regex]=false&start=0&length=10&search[value]=&search[regex]=false&_=1599643937327
1	7	0	0	0	26662495	0	0	26657234	0	0	40308	/assets/images/categories/1568709042f9.jpg
1	1	0	0	0	26658438	0	0	26658438	0	0	18831	/assets/images/thumbnails/15702587732fKHlv77.jpg
1	5	0	0	0	26662505	0	0	26657233	0	0	3215	/assets/admin/plugins/fullside-menu/waves.min.css
1	7	0	0	0	26660033	0	0	26657234	0	0	301081	/assets/images/1565150264banner3.jpg
1	1	0	0	0	26657251	0	0	26657251	0	0	4218	/assets/images/capcha_code.png?time=0.2809228126143757
1	6	0	0	0	26662505	0	0	26657233	0	0	3227208	/assets/admin/fonts/icofont.woff2
1	1	0	0	0	26660021	0	0	26660021	0	0	698	/install/assets/js/main.js
1	7	0	0	0	26662495	0	0	26657234	0	0	40284	/assets/images/categories/1568709050f8.jpg
1	4	0	0	0	26660024	0	0	26657234	0	0	66168	/assets/images/partner/1563165400brand-1.png
1	1	0	0	0	26658435	0	0	26658435	0	0	1740	/assets/front/js/mainextra.js?_=1599399950844
1	1	0	0	0	26658438	0	0	26658438	0	0	13139	/assets/images/thumbnails/15708763046Vwtn82r.jpg
1	8	0	0	0	26662495	0	0	26657234	0	0	510013	/assets/images/categories/1568878538electronic.jpg
1	2	0	0	0	26660053	0	0	26660053	0	0	484	/assets/admin/css/product.css
1	1	0	0	0	26660026	0	0	26660026	0	0	4379	/admin/general-settings/loader
1	5	0	0	0	26660033	0	0	26657234	0	0	70295	/assets/images/thumbnails/1568026791O2FR26Va.jpg
1	2	0	0	0	26660024	0	0	26657233	0	0	78686	/assets/images/products/1573704758YZCDvymD.png
1	1	0	0	0	26657251	0	0	26657251	0	0	4417	/assets/images/capcha_code.png?time=0.9850111366185532
1	5	0	0	0	26660027	0	0	26657234	0	0	66168	/assets/images/partner/1563165366brand-1.png
1	0	0	0	37	0	0	26659981	0	0	26657234	0	/assets/images/1599041891TAntaaa.png
1	1	0	0	0	26657252	0	0	26657252	0	0	1740	/assets/front/js/mainextra.js?_=1599328955833
1	7	0	0	0	26662495	0	0	26657234	0	0	17878	/assets/images/categories/1568708648motor.car.png
1	1	0	0	0	26658153	0	0	26658153	0	0	1740	/assets/front/js/mainextra.js?_=1599383006862
1	1	1	0	1	26662490	0	26662690	26662490	0	26662690	18502	/?171.51.147.13
1	5	0	0	0	26660033	0	0	26657234	0	0	73405	/assets/images/thumbnails/1568025774ZsBKNuio.jpg
1	7	0	0	0	26662495	0	0	26657234	0	0	27811	/assets/front/js/jquery.hammer.min.js
1	6	0	0	0	26662495	0	0	26657234	0	0	474600	/assets/front/fonts/fa-solid-900.woff2
1	0	0	0	7	0	0	26657241	0	0	26657233	0	/assets/images/admins/1599042601Tantaa..png
1	5	0	0	0	26662505	0	0	26657233	0	0	103880	/assets/admin/css/bootstrap.min.css
1	4	0	0	0	26660033	0	0	26657234	0	0	44728	/assets/images/thumbnails/1568025818tm9YHIHp.jpg
1	6	0	0	0	26660035	0	0	26657249	0	0	445	/user/register
1	1	0	0	0	26660025	0	0	26660025	0	0	3370	/assets/images/1571567295logo.png
1	6	0	0	0	26662495	0	0	26657234	0	0	26700	/assets/front/css/animate.css
1	9	0	0	0	26662495	0	0	26657234	0	0	3375957	/assets/front/fonts/icofont.woff2
1	4	0	0	0	26660024	0	0	26657234	0	0	3252	/assets/images/services/1561348143service3.png
1	2	0	0	0	26660053	0	0	26660053	0	0	16347	/admin/products/physical/create
1	7	0	0	0	26662495	0	0	26657234	0	0	9877	/assets/images/categories/1557807258sports.png
1	5	0	0	0	26662505	0	0	26657233	0	0	34010	/assets/admin/css/bootstrap-coloroicker.css
1	1	0	0	0	26658016	0	0	26658016	0	0	1740	/assets/front/js/mainextra.js?_=1599374767923
1	1	0	0	0	26659696	0	0	26659696	0	0	691	/addnumcart?id=102&qty=1&size=&color=&size_qty=&size_price=&size_key=&keys=&values=&prices=
1	5	0	0	0	26662495	0	0	26660029	0	0	21330	/assets/front/css/styles.php?color=0f2747&header_color=ffffff&footer_color=143250&copyright_color=02020c&menu_color=ff5500&menu_hover_color=02020c
1	6	0	0	0	26662495	0	0	26657234	0	0	250224	/assets/front/css/plugin.css
1	1	0	0	0	26660035	0	0	26660035	0	0	4082	/assets/images/capcha_code.png?time=0.6196236928636618
1	1	0	0	0	26658020	0	0	26658020	0	0	1740	/assets/front/js/mainextra.js?_=1599375011249
1	8	0	0	0	26662495	0	0	26657234	0	0	64134	/assets/images/categories/1568878596home.jpg
1	2	0	0	0	26660053	0	0	26660053	0	0	2888	/assets/admin/js/product.js
1	1	0	0	0	26657251	0	0	26657251	0	0	4158	/assets/images/capcha_code.png?time=0.8605028005801523
1	1	0	0	0	26657242	0	0	26657242	0	0	1740	/assets/front/js/mainextra.js?_=1599328339725
1	6	0	0	0	26662505	0	0	26657233	0	0	197112	/assets/admin/js/vendors/jquery-1.12.4.min.js
1	9	0	0	0	26662496	0	0	26657234	0	0	223304	/assets/images/1564224328loading3.gif
1	2	0	0	0	26660024	0	0	26657233	0	0	78686	/assets/images/products/1573704715Sj0qqtZ6.png
1	0	0	1	0	0	26657252	0	0	26657252	0	0	/user/logout
1	0	0	0	25	0	0	26865906	0	0	26666706	0	/?2401:4900:385c:7504:7001:3d3b:37b9:e05
1	6	0	0	0	26660033	0	0	26657234	0	0	37535	/assets/images/thumbnails/1568027643PgYviwVK.jpg
1	2	0	0	0	26659696	0	0	26658438	0	0	27442	/assets/images/thumbnails/15680268999fypNo3k.jpg
1	6	0	0	0	26662495	0	0	26657234	0	0	445728	/assets/front/fonts/fa-brands-400.woff2
1	0	0	1	0	0	26660023	0	0	26660023	0	0	/install?step=completed
1	3	0	0	0	26660033	0	0	26657233	0	0	309192	/assets/images/products/1570255904FqR6FYd6.png
1	5	0	0	0	26662505	0	0	26657233	0	0	45540	/assets/admin/css/plugin.css
1	6	0	0	0	26662495	0	0	26657234	0	0	26352	/assets/front/css/responsive.css
1	2	0	0	0	26660024	0	0	26657233	0	0	93100	/assets/images/products/1568026462TxRJ07FG.png
1	0	0	0	1	0	0	26658029	0	0	26658029	0	/project
1	7	0	0	0	26660033	0	0	26657234	0	0	258853	/assets/images/1565150264banner4.jpg
1	0	0	1	0	0	26657250	0	0	26657250	0	0	/auth/google
1	6	0	0	0	26662495	0	0	26657234	0	0	5688	/assets/front/css/common-responsive.css
1	1	0	0	0	26660028	0	0	26660028	0	0	0	/admin/general-settings/disqus/1
1	13	0	0	0	26662496	0	0	26657234	0	0	76370	/assets/front/js/custom.js
1	1	0	0	0	26660028	0	0	26660028	0	0	0	/admin/general-settings/disqus/0
1	1	0	0	0	26657249	0	0	26657249	0	0	4300	/assets/images/capcha_code.png?time=0.522519397888477
1	10	0	14	5	26662501	26662508	26662665	26657233	26657233	26662663	68480	/admin
1	1	0	0	0	26658438	0	0	26658438	0	0	8332	/assets/images/thumbnails/1570877275TFxddEsi.jpg
1	2	0	0	2	26660021	0	26676709	26658111	0	26658028	0	/favicon.ico
1	5	0	0	0	26660033	0	0	26657234	0	0	65116	/assets/images/thumbnails/1568029267AY9MRYAQ.jpg
1	0	0	0	2	0	0	26832674	0	0	26832674	0	/demo/errors/503.php
1	2	0	0	0	26660024	0	0	26657233	0	0	45372	/assets/images/products/1568027732dTwHda8l.png
1	0	0	0	5	0	0	26659855	0	0	26657233	0	/assets/images/1599041907Logopit_1598671350327.png
1	1	0	0	0	26659979	0	0	26659979	0	0	1740	/assets/front/js/mainextra.js?_=1599492556054
1	2	0	0	0	26660053	0	0	26660053	0	0	3540	/assets/admin/js/jquery.SimpleCropper.js
1	1	0	0	0	26660025	0	0	26660025	0	0	4356	/admin/general-settings/logo
1	7	0	0	0	26662495	0	0	26657234	0	0	42262	/assets/images/categories/1568709110f2.jpg
1	13	0	0	0	26662496	0	0	26657234	0	0	56911	/assets/front/js/xzoom.min.js
1	6	0	0	0	26662495	0	0	26657234	0	0	42468	/assets/front/jquery-ui/jquery-ui.min.css
1	2	0	0	0	26660035	0	0	26657251	0	0	32893	/user/dashboard
1	1	1	0	0	26660021	0	0	26660021	0	0	1916	/install/
1	1	0	0	0	26657241	0	0	26657241	0	0	114	/admin/order/notf/show
1	11	0	0	0	26662496	0	0	26657234	0	0	295484	/assets/front/js/jquery.js
1	4	0	0	0	26660024	0	0	26657234	0	0	61684	/assets/images/partner/1563165393brand-3.png
1	6	0	0	0	26662505	0	0	26657233	0	0	10500	/assets/admin/plugins/fullside-menu/jquery.slimscroll.min.js
1	3	0	0	0	26660033	0	0	26657233	0	0	162492	/assets/images/products/1570072554QTCZrnNj.png
1	6	0	0	0	26662505	0	0	26657233	0	0	385278	/assets/admin/js/jqueryui.min.js
1	4	0	0	0	26660033	0	0	26657234	0	0	45944	/assets/images/thumbnails/1568025872thPsuRSJ.jpg
1	0	0	1	0	0	26660035	0	0	26660035	0	0	/user/register/verify/1ca6e7bb7aa29cb992568e53fbf2fcee
1	2	0	0	0	26660024	0	0	26657233	0	0	148696	/assets/admin/webfonts/fa-solid-900.woff2
1	7	0	0	0	26662495	0	0	26657234	0	0	10255	/assets/images/categories/1557807264camera.png
1	1	0	0	0	26660023	0	0	26660023	0	0	18170	/install/assets/css/hourglass.gif
1	7	0	0	0	26662495	0	0	26657234	0	0	26232	/assets/images/categories/1568709031f11.jpg
1	1	0	0	0	26660029	0	0	26660029	0	0	1740	/assets/front/js/mainextra.js?_=1599495545219
1	6	0	0	0	26662495	0	0	26657234	0	0	51305	/assets/images/thumbnails/1568026462WBWcd7KZ.jpg
1	0	0	1	0	0	26660021	0	0	26660021	0	0	/install
1	3	0	0	0	26660033	0	0	26657233	0	0	34500	/assets/admin/js/Chart.min.js
1	1	0	0	0	26658438	0	0	26658438	0	0	21492	/item/physical-product-title-title-will-be-here-99u-b017277kfm
1	0	0	0	2	0	0	26832675	0	0	26832675	0	/staging/errors/503.php
1	2	0	0	0	26660053	0	0	26660053	0	0	1894	/assets/admin/css/jquery.Jcrop.css
1	1	0	0	0	26660027	0	0	26660027	0	0	1740	/assets/front/js/mainextra.js?_=1599495438751
1	1	0	0	0	26657251	0	0	26657251	0	0	4158	/assets/images/capcha_code.png?time=0.42426274671248954
1	28	28	0	39	26665258	0	26866991	26657234	0	26658028	494643	/
1	1	0	0	0	26658438	0	0	26658438	0	0	8332	/assets/images/thumbnails/1570876820rpkj3Z6U.jpg
1	6	0	0	0	26660033	0	0	26657234	0	0	50010	/assets/images/thumbnails/1568027670dTA7gQml.jpg
1	1	0	0	0	26658116	0	0	26658116	0	0	1740	/assets/front/js/mainextra.js?_=1599380798959
1	1	0	0	0	26657249	0	0	26657249	0	0	4316	/assets/images/capcha_code.png?time=0.5600399653258048
1	1	0	0	0	26660024	0	0	26660024	0	0	1740	/assets/front/js/mainextra.js?_=1599495240889
1	1	0	0	0	26657249	0	0	26657249	0	0	4316	/assets/images/capcha_code.png?time=0.4224710803123206
1	1	0	0	0	26662508	0	0	26662508	0	0	1740	/assets/front/js/mainextra.js?_=1599644310575
1	1	0	0	0	26657234	0	0	26657234	0	0	1740	/assets/front/js/mainextra.js?_=1599327854472
1	0	0	0	5	0	0	26660023	0	0	26660021	0	/install/assets/images/favicon.png
1	7770	0	0	2289	26662577	0	26662626	26657235	0	26662577	8980151	/admin/forgot
1	1	0	0	0	26660024	0	0	26660024	0	0	3038	/assets/images/1571567309footers.png
1	9	0	0	0	26662495	0	0	26657234	0	0	719469	/assets/images/banners/1568889151top2.jpg
1	7	0	0	0	26662495	0	0	26657234	0	0	1002630	/assets/images/sliders/1564224753007.jpg
1	6	0	0	0	26660033	0	0	26657234	0	0	60707	/assets/images/thumbnails/1568027616O1coe3aV.jpg
1	1215	0	0	1	26662508	0	26657234	26657234	0	26657234	2395	/admin/user/notf/count
1	14	0	0	0	26660035	0	0	26657249	0	0	288	/contact/refresh_code
1	1	0	0	0	26658438	0	0	26658438	0	0	8332	/assets/images/thumbnails/1570877254wBRHJA4w.jpg
1	7	0	0	0	26662495	0	0	26657234	0	0	5775	/assets/front/js/setup.js
1	5	0	0	0	26660033	0	0	26657234	0	0	51915	/assets/images/thumbnails/1568029076jgoAP4SR.jpg
1	1	0	0	0	26657249	0	0	26657249	0	0	0	/assets/images/capcha_code.png?time=0.46638398658145674
1	1	0	0	0	26659854	0	0	26659854	0	0	24	/robots.txt?120.89.102.152
1	7	0	0	0	26662495	0	0	26657234	0	0	24045	/assets/images/categories/1568709123f1.jpg
1	7	0	0	0	26662495	0	0	26657234	0	0	9569	/assets/images/categories/1557377810mobile.png
1	9	0	0	0	26676710	0	0	26657234	0	0	116940	/cpanel
1	1	0	0	0	26660026	0	0	26660026	0	0	4130	/admin/general-settings/favicon
1	1	0	0	0	26659696	0	0	26659696	0	0	47784	/assets/images/galleries/1568026307g5xMFdx3.jpg
1	6	0	0	0	26662495	0	0	26657234	0	0	124656	/assets/front/css/bootstrap.min.css
1	7	0	0	0	26662495	0	0	26657234	0	0	38340	/assets/images/categories/1568709597f4.jpg
1	2	0	0	0	26660024	0	0	26657233	0	0	78686	/assets/images/products/15737048788gkL2daH.png
1	6	0	0	0	26660033	0	0	26657234	0	0	40205	/assets/images/thumbnails/1568025531ckSl3TVR.jpg
1	1	0	0	0	26662502	0	0	26662502	0	0	4705	/admin/email-templates
1	1	0	0	0	26657241	0	0	26657241	0	0	20	/admin/user/notf/clear
1	2	0	0	0	26660024	0	0	26657233	0	0	27184	/assets/admin/webfonts/fa-regular-400.woff2
1	6	0	0	0	26662505	0	0	26657233	0	0	4818	/assets/admin/js/load.js
2	0	0	0	1	0	0	26832665	0	0	26832665	0	34.7076544316238
2	0	0	0	1	0	0	26832670	0	0	26832670	0	85.8346809462859
2	0	0	0	1	0	0	26832667	0	0	26832667	0	96.0575541670913
3	696	0	0	0	26660064	0	0	26660053	0	0	30090	https://demo.tantaaa.com/admin/products/physical/create
3	1186	0	0	0	26660052	0	0	26660028	0	0	5208	https://demo.tantaaa.com/admin/general-settings/contents
3	4	0	0	0	26660024	0	0	26657233	0	0	175880	https://demo.tantaaa.com/assets/admin/css/fontawesome.css
3	372	2	1	9	26662502	26657234	26676709	26657233	26657234	26657233	1796160	https://demo.tantaaa.com/admin
3	35	0	0	1	26657241	0	26657240	26657240	0	26657240	19055	https://demo.tantaaa.com/admin/user/29/show
3	28	0	0	0	26662495	0	0	26657234	0	0	5031121	https://demo.tantaaa.com/assets/front/css/plugin.css
3	722	1	1	37	26662508	26660021	26659981	26657234	26660021	26657234	13887683	https://demo.tantaaa.com/
3	101	0	1	24	26662496	26657250	26658437	26657249	26657250	26657248	1254153	https://demo.tantaaa.com/user/login
3	1	1	1	2	26657252	26657252	26657251	26657252	26657252	26657251	18009	https://demo.tantaaa.com/user/dashboard
3	6	0	0	0	26662505	0	0	26657233	0	0	3227208	https://demo.tantaaa.com/assets/admin/css/icofont.min.css
3	15	0	0	0	26662502	0	0	26662502	0	0	35142	https://demo.tantaaa.com/admin/email-templates
3	13	0	0	2	26658438	0	26658438	26658438	0	26658438	154243	https://demo.tantaaa.com/category/fashion-and-Beauty
3	5	1	1	1	26657239	26657239	26657239	26657239	26657239	26657239	18093	https://demo.tantaaa.com/admin/password
3	13	0	0	0	26660026	0	0	26660026	0	0	4560	https://demo.tantaaa.com/admin/general-settings/loader
3	39	1	1	1	26657242	26657242	26657241	26657241	26657242	26657241	18875	https://demo.tantaaa.com/admin/profile
3	2477	1	1	0	26662508	26662508	0	26660031	26662508	0	26136	https://demo.tantaaa.com/admin/email-config
3	1	1	1	1	26660023	26660023	26660023	26660023	26660023	26660023	18537	https://demo.tantaaa.com/install/?step=completed
3	75	0	0	0	26660028	0	0	26660026	0	0	5975	https://demo.tantaaa.com/admin/general-settings/footer
3	3	1	1	1	26660023	26660023	26660023	26660023	26660023	26660023	20098	https://demo.tantaaa.com/install/?step=4
3	3	0	0	2	26658438	0	26658438	26658438	0	26658438	56377	https://demo.tantaaa.com/item/physical-product-title-title-will-be-here-99u-b017277kfm
3	1	1	0	1	26660023	0	26660023	26660023	0	26660023	1906	https://demo.tantaaa.com/install/?step=3
3	7760	0	0	2289	26662577	0	26662626	26657235	0	26662577	8968469	https://demo.tantaaa.com/admin/forgot
3	17412	0	0	129	26662509	0	26660021	26657233	0	26657233	23261456	https://demo.tantaaa.com/admin/login
3	1	1	0	1	26660022	0	26660021	26660022	0	26660021	2069	https://demo.tantaaa.com/install/?step=2
3	9	0	0	2	26659696	0	26659696	26659696	0	26659696	268125	https://demo.tantaaa.com/item/physical-product-title-title-will-be-here-102-pr607jsv
3	27	0	0	6	26662496	0	26658437	26658122	0	26658122	460944	https://demo.tantaaa.com/user/forgot
3	3	1	0	1	26660021	0	26660021	26660021	0	26660021	5178	https://demo.tantaaa.com/install/
3	0	0	0	1	0	0	26662783	0	0	26662783	0	http://demo.tantaaa.com/
3	38	0	0	0	26660026	0	0	26660025	0	0	35529	https://demo.tantaaa.com/admin/general-settings/logo
3	10	0	0	0	26660026	0	0	26660026	0	0	4415	https://demo.tantaaa.com/admin/general-settings/favicon
3	10	0	0	0	26660053	0	0	26660053	0	0	16355	https://demo.tantaaa.com/admin/products/types
3	5	0	0	4	26657249	0	26657247	26657235	0	26657235	113652	https://demo.tantaaa.com/admin/register
4	126	1	0	0	26662496	0	0	26662495	0	0	2878648	Mozilla/5.0 (Windows NT 10.0; Win64; x64; rv:80.0) Gecko/20100101 Firefox/80.0
4	2	1	0	0	26662491	0	0	26662491	0	0	19243	WhatsApp/2.20.198.15 A
4	0	0	0	2	0	0	26813884	0	0	26813884	0	Mozilla/5.0 (iPhone; CPU iPhone OS 10_3_1 like Mac OS X) AppleWebKit/603.1.30 (KHTML, like Gecko) Version/10.0 Mobile/14E304 Safari/602.1
4	0	0	0	1	0	0	26713873	0	0	26713873	0	WhatsApp/2.20.200.22 A
4	0	0	0	14	0	0	26865906	0	0	26836896	0	Mozilla/5.0 (compatible; Nimbostratus-Bot/v1.3.2; http://cloudsystemnetworks.com)
4	31009	31	25	2536	26662663	26662508	26662783	26657233	26657233	26657233	56634545	Mozilla/5.0 (Windows NT 10.0; Win64; x64) AppleWebKit/537.36 (KHTML, like Gecko) Chrome/85.0.4183.83 Safari/537.36
4	4	1	0	16	26676710	0	26678504	26663600	0	26663600	13043	Mozilla/5.0 (Windows NT 10.0; Win64; x64) AppleWebKit/537.36 (KHTML, like Gecko) Chrome/85.0.4183.102 Safari/537.36
4	0	0	0	4	0	0	26841418	0	0	26841395	0	Mozilla/5.0 (X11; Ubuntu; Linux x86_64; rv:58.0) Gecko/20100101 Firefox/58.0
4	0	0	0	2	0	0	26845311	0	0	26808038	0	Mozilla/5.0 (compatible; NetcraftSurveyAgent/1.0; +info@netcraft.com)
4	0	0	1	11	0	26832662	26832675	0	26832662	26832662	0	Mozilla/5.0 (X11; Ubuntu; Linux x86_64; rv:62.0) Gecko/20100101 Firefox/62.0
4	1	0	0	0	26754443	0	0	26754443	0	0	12991	Mozilla/5.0 (Windows NT 10.0; Win64; x64) AppleWebKit/537.36 (KHTML, like Gecko) Chrome/86.0.4240.198 Safari/537.36
4	0	0	0	1	0	0	26662783	0	0	26662783	0	ViewDNS.info
4	0	0	0	14	0	0	26866991	0	0	26784764	0	Mozilla/5.0 (Windows NT 6.1; Win64; x64) AppleWebKit/537.36 (KHTML, like Gecko) Chrome/40.0.2214.85 Safari/537.36
5	0	0	0	2	0	0	26845724	0	0	26837069	0	209.17.97.82
5	1	0	0	2	26676710	0	26676709	26676710	0	26676709	12995	120.89.102.51
5	0	0	0	3	0	0	26842711	0	0	26842613	0	163.172.180.25
5	3	1	0	9	26662663	0	26662666	26662491	0	26662663	32237	27.34.68.104
5	0	0	1	1	0	26832662	26832662	0	26832662	26832662	0	141.98.84.24
5	858	5	11	36	26657252	26657252	26657252	26657233	26657233	26657233	6514262	120.89.103.14
5	0	0	0	2	0	0	26836896	0	0	26836896	0	209.17.96.98
5	1	0	0	0	26754443	0	0	26754443	0	0	12991	27.34.20.144
5	0	0	0	1	0	0	26832670	0	0	26832670	0	213.108.0.237
5	0	0	0	1	0	0	26832667	0	0	26832667	0	193.187.95.142
5	443	1	2	0	26660064	26660035	0	26660030	26660030	0	114509	27.34.20.224
5	0	0	0	1	0	0	26859843	0	0	26859843	0	209.17.96.242
5	0	0	0	1	0	0	26857109	0	0	26857109	0	209.17.97.122
5	0	0	0	1	0	0	26713873	0	0	26713873	0	47.30.200.97
5	0	0	0	1	0	0	26865906	0	0	26865906	0	209.17.97.66
5	0	0	0	1	0	0	26668708	0	0	26668708	0	171.51.158.4
5	0	0	0	2	0	0	26841418	0	0	26841418	0	62.4.14.206
5	0	0	0	2	0	0	26841395	0	0	26841395	0	195.154.61.206
5	0	0	0	1	0	0	26845311	0	0	26845311	0	174.138.52.126
5	0	0	0	2	0	0	26832675	0	0	26832675	0	213.108.0.224
5	0	0	0	1	0	0	26832665	0	0	26832665	0	45.132.186.196
5	0	0	0	1	0	0	26666706	0	0	26666706	0	171.51.167.203
5	0	0	0	1	0	0	26839565	0	0	26839565	0	209.17.97.106
5	0	0	0	2	0	0	26832674	0	0	26832674	0	109.226.23.26
5	3894	3	4	2289	26662577	26662508	26662626	26662490	26662490	26662577	4976728	120.89.102.89
5	1	1	0	0	26665258	0	0	26665258	0	0	0	157.42.226.199
5	126	1	0	0	26662496	0	0	26662495	0	0	2878648	144.48.39.114
5	5185	13	4	37	26660056	26660030	26660023	26659854	26660021	26659855	12286570	171.51.147.13
5	0	0	0	1	0	0	26860090	0	0	26860090	0	209.17.96.138
5	0	0	0	2	0	0	26844111	0	0	26844111	0	209.17.96.218
5	0	0	0	1	0	0	26667016	0	0	26667016	0	27.60.203.45
5	0	0	0	1	0	0	26808038	0	0	26808038	0	104.236.6.157
5	1	0	0	1	26664271	0	26664271	26664271	0	26664271	24	171.51.147.214
5	0	0	0	1	0	0	26832672	0	0	26832672	0	5.181.171.249
5	0	0	0	1	0	0	26662783	0	0	26662783	0	144.217.41.221
5	9070	2	1	7	26659696	26659589	26659696	26658512	26659589	26659589	11304403	27.34.69.247
5	0	0	0	1	0	0	26837964	0	0	26837964	0	51.158.66.83
5	0	0	0	4	0	0	26678504	0	0	26678504	0	27.61.72.63
5	0	0	0	14	0	0	26866991	0	0	26784764	0	138.246.253.24
5	0	0	0	1	0	0	26839487	0	0	26839487	0	209.17.96.202
5	0	0	0	1	0	0	26674466	0	0	26674466	0	120.89.102.240
5	487	4	0	37	26658438	0	26658438	26658111	0	26658111	8878864	27.60.205.43
5	689	2	2	115	26658027	26658023	26658047	26657932	26658016	26658016	1000829	120.89.103.122
5	0	0	0	1	0	0	26838618	0	0	26838618	0	51.158.127.119
5	0	0	0	4	0	0	26662783	0	0	26662690	0	2401:4900:3b08:8ef0:39a2:3cca:c8e7:6289
5	4763	1	1	2	26658315	26658216	26658216	26658216	26658216	26658216	5968725	120.89.102.152
5	3671	0	0	0	26658511	0	0	26658324	0	0	4575087	27.34.104.178
5	0	0	0	1	0	0	26852484	0	0	26852484	0	209.17.97.18
5	0	0	0	2	0	0	26813884	0	0	26813884	0	18.206.81.171
5	0	0	0	1	0	0	26849682	0	0	26849682	0	209.17.96.178
5	0	0	0	2	0	0	26832673	0	0	26832673	0	193.56.66.131
5	1179	0	0	0	26660060	0	0	26660036	0	0	41093	120.89.102.55
5	769	0	0	0	26658620	0	0	26658604	0	0	960481	120.89.103.27
5	1	0	0	5	26663600	0	26663608	26663600	0	26663600	24	2401:4900:385c:7504:7001:3d3b:37b9:e05
z	0	73	1	26665258	0
z	1	4639	0	26662508	4660
z	2	345	0	26664271	9675
z	3	83	0	26662508	55161
z	4	25501	5	26662577	32927592
z	5	455	28	26754443	14047508
z	6	46	0	26662505	12513874
c	200	31112	26754443
c	206	30	26662495
c	301	3	26832662
c	302	23	26662508
c	401	4	26657234
c	403	44	26866991
c	404	1433	26832675
c	500	1125	26668708
